9996.1 -4.8287
9995.54 -5.20007
9994.95 -5.57141
9994.32 -5.94273
9993.65 -6.31403
9992.94 -6.68531
9992.2 -7.05657
9991.42 -7.42779
9990.6 -7.799
9989.75 -8.17017
9988.86 -8.54131
9987.93 -8.91242
9986.96 -9.2835
9985.96 -9.65454
9984.92 -10.0255
9983.84 -10.3965
9982.73 -10.7674
9981.58 -11.1383
9980.39 -11.5092
9979.17 -11.88
9977.9 -12.2507
9976.61 -12.6215
9975.27 -12.9921
9973.9 -13.3627
9972.49 -13.7333
9971.04 -14.1038
9969.55 -14.4743
9968.03 -14.8447
9966.47 -15.215
9964.88 -15.5853
9963.25 -15.9555
9961.58 -16.3257
9959.87 -16.6958
9958.13 -17.0658
9956.35 -17.4358
9954.53 -17.8057
9952.67 -18.1755
9950.78 -18.5453
9948.85 -18.915
9946.89 -19.2846
9944.89 -19.6542
9942.85 -20.0236
9940.77 -20.393
9938.66 -20.7623
9936.51 -21.1316
9934.32 -21.5007
9932.1 -21.8698
9929.84 -22.2387
9927.54 -22.6076
9925.2 -22.9764
9922.83 -23.3452
9920.42 -23.7138
9917.98 -24.0823
9915.5 -24.4508
9912.98 -24.8191
9910.42 -25.1873
9907.83 -25.5555
9905.2 -25.9235
9902.53 -26.2915
9899.83 -26.6593
9897.09 -27.0271
9894.32 -27.3947
9891.5 -27.7622
9888.65 -28.1296
9885.77 -28.4969
9882.84 -28.8641
9879.88 -29.2312
9876.89 -29.5982
9873.85 -29.965
9870.78 -30.3317
9867.68 -30.6984
9864.54 -31.0648
9861.36 -31.4312
9858.14 -31.7975
9854.89 -32.1636
9851.6 -32.5296
9848.27 -32.8954
9844.91 -33.2611
9841.51 -33.6267
9838.07 -33.9922
9834.6 -34.3575
9831.09 -34.7227
9827.55 -35.0878
9823.96 -35.4527
9820.35 -35.8175
9816.69 -36.1821
9813 -36.5466
9809.27 -36.911
9805.51 -37.2752
9801.71 -37.6392
9797.87 -38.0031
9794 -38.3669
9790.09 -38.7305
9786.14 -39.0939
9782.16 -39.4572
9778.14 -39.8203
9774.09 -40.1833
9770 -40.5461
9765.87 -40.9088
9761.71 -41.2713
9757.51 -41.6336
9753.27 -41.9957
9749 -42.3577
9744.69 -42.7195
9740.35 -43.0812
9735.97 -43.4427
9731.55 -43.804
9727.1 -44.1651
9722.61 -44.526
9718.09 -44.8868
9713.52 -45.2474
9708.93 -45.6078
9704.29 -45.968
9699.63 -46.3281
9694.92 -46.6879
9690.18 -47.0476
9685.4 -47.4071
9680.59 -47.7664
9675.74 -48.1255
9670.86 -48.4844
9665.94 -48.8431
9660.98 -49.2016
9655.99 -49.5599
9650.96 -49.918
9645.9 -50.2759
9640.8 -50.6336
9635.67 -50.9911
9630.5 -51.3484
9625.29 -51.7055
9620.05 -52.0624
9614.77 -52.4191
9609.46 -52.7755
9604.11 -53.1318
9598.72 -53.4878
9593.3 -53.8436
9587.85 -54.1992
9582.36 -54.5546
9576.83 -54.9097
9571.27 -55.2647
9565.67 -55.6194
9560.04 -55.9738
9554.37 -56.3281
9548.67 -56.6821
9542.93 -57.0359
9537.15 -57.3895
9531.34 -57.7428
9525.5 -58.0959
9519.62 -58.4487
9513.7 -58.8014
9507.75 -59.1537
9501.77 -59.5059
9495.75 -59.8578
9489.69 -60.2094
9483.6 -60.5608
9477.47 -60.912
9471.31 -61.2629
9465.11 -61.6135
9458.88 -61.9639
9452.62 -62.3141
9446.32 -62.6639
9439.98 -63.0136
9433.61 -63.363
9427.2 -63.7121
9420.76 -64.0609
9414.29 -64.4095
9407.77 -64.7578
9401.23 -65.1059
9394.65 -65.4537
9388.03 -65.8012
9381.38 -66.1485
9374.7 -66.4954
9367.98 -66.8421
9361.23 -67.1886
9354.44 -67.5347
9347.62 -67.8806
9340.76 -68.2262
9333.87 -68.5715
9326.94 -68.9165
9319.98 -69.2613
9312.99 -69.6057
9305.96 -69.9499
9298.89 -70.2938
9291.8 -70.6373
9284.66 -70.9806
9277.5 -71.3236
9270.3 -71.6663
9263.06 -72.0087
9255.79 -72.3508
9248.49 -72.6926
9241.15 -73.0341
9233.78 -73.3753
9226.37 -73.7162
9218.93 -74.0568
9211.46 -74.3971
9203.95 -74.737
9196.41 -75.0767
9188.84 -75.416
9181.23 -75.7551
9173.58 -76.0938
9165.91 -76.4322
9158.19 -76.7702
9150.45 -77.108
9142.67 -77.4454
9134.86 -77.7825
9127.01 -78.1193
9119.14 -78.4557
9111.22 -78.7919
9103.28 -79.1276
9095.3 -79.4631
9087.28 -79.7982
9079.24 -80.133
9071.16 -80.4675
9063.04 -80.8016
9054.9 -81.1353
9046.72 -81.4688
9038.5 -81.8019
9030.26 -82.1346
9021.98 -82.467
9013.66 -82.799
9005.32 -83.1307
8996.94 -83.4621
8988.52 -83.7931
8980.08 -84.1237
8971.6 -84.454
8963.09 -84.7839
8954.55 -85.1135
8945.97 -85.4427
8937.36 -85.7715
8928.72 -86.1
8920.04 -86.4281
8911.33 -86.7559
8902.59 -87.0832
8893.82 -87.4102
8885.01 -87.7369
8876.17 -88.0631
8867.3 -88.389
8858.4 -88.7145
8849.46 -89.0397
8840.49 -89.3644
8831.49 -89.6888
8822.46 -90.0128
8813.39 -90.3364
8804.29 -90.6596
8795.16 -90.9824
8786 -91.3049
8776.8 -91.6269
8767.58 -91.9486
8758.32 -92.2698
8749.03 -92.5907
8739.7 -92.9112
8730.35 -93.2312
8720.96 -93.5509
8711.54 -93.8702
8702.09 -94.189
8692.61 -94.5075
8683.09 -94.8255
8673.55 -95.1432
8663.97 -95.4604
8654.36 -95.7772
8644.72 -96.0936
8635.05 -96.4096
8625.34 -96.7252
8615.61 -97.0404
8605.84 -97.3551
8596.04 -97.6694
8586.21 -97.9833
8576.35 -98.2968
8566.46 -98.6099
8556.54 -98.9225
8546.58 -99.2347
8536.6 -99.5464
8526.58 -99.8578
8516.53 -100.169
8506.45 -100.479
8496.34 -100.789
8486.2 -101.099
8476.03 -101.408
8465.83 -101.717
8455.59 -102.025
8445.33 -102.333
8435.04 -102.64
8424.71 -102.947
8414.35 -103.253
8403.97 -103.559
8393.55 -103.865
8383.1 -104.17
8372.63 -104.475
8362.12 -104.779
8351.58 -105.083
8341.01 -105.386
8330.41 -105.689
8319.78 -105.991
8309.12 -106.293
8298.43 -106.595
8287.71 -106.896
8276.96 -107.196
8266.18 -107.496
8255.37 -107.796
8244.53 -108.095
8233.67 -108.393
8222.77 -108.691
8211.84 -108.989
8200.88 -109.286
8189.89 -109.583
8178.87 -109.879
8167.83 -110.175
8156.75 -110.47
8145.65 -110.765
8134.51 -111.059
8123.35 -111.353
8112.15 -111.646
8100.93 -111.939
8089.68 -112.231
8078.39 -112.523
8067.08 -112.814
8055.74 -113.105
8044.38 -113.395
8032.98 -113.685
8021.55 -113.974
8010.1 -114.263
7998.61 -114.551
7987.1 -114.839
7975.56 -115.126
7963.99 -115.413
7952.39 -115.699
7940.76 -115.985
7929.11 -116.27
7917.42 -116.555
7905.71 -116.839
7893.97 -117.122
7882.2 -117.406
7870.41 -117.688
7858.58 -117.97
7846.73 -118.252
7834.85 -118.533
7822.94 -118.813
7811 -119.093
7799.03 -119.372
7787.04 -119.651
7775.02 -119.93
7762.97 -120.207
7750.9 -120.485
7738.79 -120.761
7726.66 -121.037
7714.5 -121.313
7702.32 -121.588
7690.1 -121.863
7677.86 -122.137
7665.59 -122.41
7653.3 -122.683
7640.98 -122.955
7628.63 -123.227
7616.25 -123.498
7603.84 -123.769
7591.41 -124.039
7578.96 -124.308
7566.47 -124.577
7553.96 -124.846
7541.42 -125.114
7528.86 -125.381
7516.27 -125.648
7503.65 -125.914
7491 -126.179
7478.33 -126.444
7465.64 -126.709
7452.91 -126.973
7440.16 -127.236
7427.39 -127.499
7414.58 -127.761
7401.76 -128.022
7388.9 -128.283
7376.02 -128.544
7363.11 -128.803
7350.18 -129.063
7337.22 -129.321
7324.24 -129.579
7311.23 -129.837
7298.2 -130.094
7285.14 -130.35
7272.05 -130.606
7258.94 -130.861
7245.8 -131.115
7232.64 -131.369
7219.45 -131.622
7206.24 -131.875
7193 -132.127
7179.74 -132.379
7166.45 -132.629
7153.14 -132.88
7139.8 -133.129
7126.44 -133.378
7113.05 -133.627
7099.64 -133.875
7086.2 -134.122
7072.74 -134.368
7059.26 -134.614
7045.79 -134.784
7032.36 -134.671
7018.95 -134.354
7005.58 -134.038
6992.24 -133.721
6978.93 -133.405
6965.65 -133.089
6952.4 -132.799
6939.17 -132.546
6925.96 -132.313
6912.77 -132.083
6899.61 -131.842
6886.48 -131.59
6873.37 -131.333
6860.29 -131.078
6847.23 -130.827
6834.2 -130.581
6821.19 -130.336
6808.21 -130.091
6795.25 -129.844
6782.31 -129.597
6769.4 -129.351
6756.51 -129.105
6743.65 -128.86
6730.82 -128.616
6718 -128.373
6705.21 -128.129
6692.45 -127.886
6679.71 -127.644
6666.99 -127.402
6654.3 -127.16
6641.63 -126.919
6628.99 -126.679
6616.37 -126.438
6603.77 -126.199
6591.2 -125.959
6578.65 -125.721
6566.13 -125.482
6553.63 -125.244
6541.15 -125.007
6528.7 -124.77
6516.27 -124.533
6503.86 -124.297
6491.48 -124.062
6479.12 -123.826
6466.78 -123.592
6454.47 -123.357
6442.18 -123.123
6429.92 -122.89
6417.68 -122.657
6405.46 -122.424
6393.26 -122.192
6381.09 -121.961
6368.94 -121.729
6356.81 -121.499
6344.71 -121.268
6332.63 -121.038
6320.57 -120.809
6308.53 -120.58
6296.52 -120.351
6284.53 -120.123
6272.56 -119.895
6260.62 -119.668
6248.7 -119.441
6236.8 -119.215
6224.92 -118.989
6213.07 -118.763
6201.24 -118.538
6189.43 -118.313
6177.64 -118.089
6165.88 -117.865
6154.14 -117.642
6142.42 -117.418
6130.72 -117.196
6119.04 -116.974
6107.39 -116.752
6095.76 -116.531
6084.15 -116.31
6072.56 -116.089
6061 -115.869
6049.46 -115.649
6037.94 -115.43
6026.44 -115.211
6014.96 -114.993
6003.5 -114.775
5992.07 -114.557
5980.66 -114.34
5969.27 -114.123
5957.9 -113.907
5946.55 -113.691
5935.22 -113.475
5923.92 -113.26
5912.64 -113.045
5901.37 -112.831
5890.13 -112.617
5878.91 -112.404
5867.72 -112.191
5856.54 -111.978
5845.39 -111.766
5834.25 -111.554
5823.14 -111.342
5812.05 -111.131
5800.97 -110.92
5789.92 -110.71
5778.9 -110.5
5767.89 -110.291
5756.9 -110.082
5745.93 -109.873
5734.99 -109.664
5724.06 -109.457
5713.16 -109.249
5702.28 -109.042
5691.41 -108.835
5680.57 -108.629
5669.75 -108.423
5658.95 -108.217
5648.17 -108.012
5637.41 -107.807
5626.67 -107.603
5615.95 -107.399
5605.25 -107.195
5594.57 -106.992
5583.91 -106.789
5573.27 -106.587
5562.65 -106.385
5552.06 -106.183
5541.48 -105.982
5530.92 -105.781
5520.38 -105.58
5509.86 -105.38
5499.37 -105.18
5488.89 -104.981
5478.43 -104.782
5467.99 -104.583
5457.57 -104.385
5447.17 -104.187
5436.79 -103.989
5426.43 -103.792
5416.09 -103.595
5405.77 -103.399
5395.47 -103.203
5385.19 -103.007
5374.93 -102.812
5364.69 -102.617
5354.46 -102.422
5344.26 -102.228
5334.08 -102.034
5323.91 -101.841
5313.77 -101.648
5303.64 -101.455
5293.53 -101.263
5283.45 -101.071
5273.38 -100.879
5263.33 -100.688
5253.3 -100.497
5243.28 -100.306
5233.29 -100.116
5223.32 -99.9264
5213.36 -99.737
5203.43 -99.5479
5193.51 -99.3591
5183.61 -99.1707
5173.73 -98.9827
5163.87 -98.795
5154.03 -98.6077
5144.21 -98.4207
5134.4 -98.2341
5124.62 -98.0479
5114.85 -97.862
5105.1 -97.6764
5095.37 -97.4912
5085.66 -97.3064
5075.96 -97.1219
5066.29 -96.9377
5056.63 -96.7539
5046.99 -96.5705
5037.37 -96.3874
5027.77 -96.2046
5018.18 -96.0222
5008.62 -95.8401
4999.07 -95.6584
4989.54 -95.477
4980.03 -95.296
4970.54 -95.1153
4961.06 -94.935
4951.6 -94.755
4942.16 -94.5753
4932.74 -94.396
4923.34 -94.217
4913.95 -94.0384
4904.58 -93.86
4895.23 -93.6821
4885.9 -93.5044
4876.59 -93.3272
4867.29 -93.1502
4858.01 -92.9736
4848.75 -92.7973
4839.5 -92.6213
4830.28 -92.4457
4821.07 -92.2704
4811.87 -92.0955
4802.7 -91.9208
4793.54 -91.7465
4784.4 -91.5726
4775.28 -91.3989
4766.17 -91.2256
4757.09 -91.0527
4748.01 -90.88
4738.96 -90.7077
4729.93 -90.5357
4720.91 -90.364
4711.9 -90.1927
4702.92 -90.0217
4693.95 -89.851
4685 -89.6806
4676.07 -89.5105
4667.15 -89.3408
4658.25 -89.1714
4649.36 -89.0023
4640.5 -88.8336
4631.65 -88.6651
4622.82 -88.497
4614 -88.3292
4605.2 -88.1617
4596.42 -87.9945
4587.65 -87.8277
4578.9 -87.6611
4570.17 -87.4949
4561.45 -87.329
4552.75 -87.1634
4544.07 -86.9981
4535.4 -86.8332
4526.75 -86.6685
4518.12 -86.5042
4509.5 -86.3401
4500.9 -86.1764
4492.31 -86.013
4483.75 -85.8499
4475.19 -85.6871
4466.66 -85.5246
4458.14 -85.3625
4449.63 -85.2006
4441.14 -85.039
4432.67 -84.8778
4424.22 -84.7168
4415.78 -84.5562
4407.35 -84.3958
4398.95 -84.2358
4390.55 -84.0761
4382.18 -83.9166
4373.82 -83.7575
4365.48 -83.5987
4357.15 -83.4401
4348.83 -83.2819
4340.54 -83.124
4332.26 -82.9664
4323.99 -82.809
4315.74 -82.652
4307.51 -82.4953
4299.29 -82.3388
4291.09 -82.1827
4282.9 -82.0268
4274.73 -81.8713
4266.57 -81.716
4258.43 -81.5611
4250.31 -81.4064
4242.2 -81.252
4234.1 -81.098
4226.02 -80.9442
4217.96 -80.7907
4209.91 -80.6375
4201.88 -80.4846
4193.86 -80.3319
4185.86 -80.1796
4177.87 -80.0275
4169.9 -79.8758
4161.94 -79.7243
4154 -79.5731
4146.07 -79.4222
4138.16 -79.2716
4130.26 -79.1213
4122.38 -78.9712
4114.51 -78.8215
4106.66 -78.672
4098.82 -78.5228
4091 -78.3739
4083.19 -78.2253
4075.4 -78.0769
4067.62 -77.9288
4059.86 -77.7811
4052.11 -77.6335
4044.38 -77.4863
4036.66 -77.3394
4028.95 -77.1927
4021.26 -77.0463
4013.59 -76.9002
4005.93 -76.7544
3998.28 -76.6088
3990.65 -76.4635
3983.03 -76.3185
3975.43 -76.1738
3967.84 -76.0293
3960.26 -75.8851
3952.7 -75.7412
3945.16 -75.5976
3937.63 -75.4542
3930.11 -75.3111
3922.61 -75.1683
3915.12 -75.0257
3907.65 -74.8834
3900.19 -74.7414
3892.74 -74.5997
3885.31 -74.4582
3877.89 -74.317
3870.49 -74.176
3863.1 -74.0354
3855.72 -73.8949
3848.36 -73.7548
3841.01 -73.6149
3833.68 -73.4753
3826.36 -73.336
3819.05 -73.1969
3811.76 -73.0581
3804.48 -72.9195
3797.22 -72.7812
3789.97 -72.6432
3782.73 -72.5054
3775.51 -72.3679
3768.3 -72.2306
3761.1 -72.0936
3753.92 -71.9569
3746.75 -71.8204
3739.6 -71.6842
3732.46 -71.5483
3725.33 -71.4126
3718.22 -71.2771
3711.12 -71.1419
3704.03 -71.007
3696.95 -70.8723
3689.89 -70.7379
3682.85 -70.6037
3675.81 -70.4698
3668.79 -70.3362
3661.79 -70.2028
3654.79 -70.0696
3647.81 -69.9367
3640.84 -69.8041
3633.89 -69.6717
3626.95 -69.5395
3620.02 -69.4077
3613.11 -69.276
3606.21 -69.1446
3599.32 -69.0135
3592.44 -68.8826
3585.58 -68.7519
3578.73 -68.6215
3571.9 -68.4914
3565.07 -68.3615
3558.26 -68.2318
3551.46 -68.1024
3544.68 -67.9732
3537.91 -67.8443
3531.15 -67.7156
3524.4 -67.5872
3517.67 -67.459
3510.95 -67.331
3504.24 -67.2033
3497.55 -67.0758
3490.87 -66.9486
3484.2 -66.8216
3477.54 -66.6949
3470.9 -66.5684
3464.26 -66.4421
3457.65 -66.3161
3451.04 -66.1903
3444.44 -66.0647
3437.86 -65.9394
3431.29 -65.8144
3424.74 -65.6895
3418.19 -65.5649
3411.66 -65.4406
3405.14 -65.3164
3398.64 -65.1925
3392.14 -65.0689
3385.66 -64.9454
3379.19 -64.8223
3372.73 -64.6993
3366.29 -64.5766
3359.85 -64.4541
3353.43 -64.3318
3347.02 -64.2098
3340.63 -64.088
3334.24 -63.9664
3327.87 -63.8451
3321.51 -63.724
3315.16 -63.6031
3308.83 -63.4825
3302.5 -63.362
3296.19 -63.2418
3289.89 -63.1219
3283.6 -63.0021
3277.32 -62.8826
3271.06 -62.7633
3264.81 -62.6443
3258.57 -62.5255
3252.34 -62.4068
3246.12 -62.2885
3239.92 -62.1703
3233.72 -62.0524
3227.54 -61.9347
3221.37 -61.8172
3215.21 -61.6999
3209.06 -61.5829
3202.93 -61.466
3196.81 -61.3494
3190.7 -61.2331
3184.59 -61.1169
3178.51 -61.001
3172.43 -60.8852
3166.36 -60.7697
3160.31 -60.6545
3154.27 -60.5394
3148.24 -60.4246
3142.22 -60.3099
3136.21 -60.1955
3130.21 -60.0813
3124.23 -59.9673
3118.25 -59.8536
3112.29 -59.74
3106.34 -59.6267
3100.4 -59.5136
3094.47 -59.4007
3088.55 -59.288
3082.65 -59.1755
3076.75 -59.0633
3070.87 -58.9512
3064.99 -58.8394
3059.13 -58.7278
3053.28 -58.6163
3047.44 -58.5051
3041.61 -58.3942
3035.8 -58.2834
3029.99 -58.1728
3024.2 -58.0624
3018.41 -57.9523
3012.64 -57.8423
3006.88 -57.7326
3001.12 -57.6231
2995.38 -57.5138
2989.65 -57.4046
2983.94 -57.2957
2978.23 -57.187
2972.53 -57.0785
2966.84 -56.9703
2961.17 -56.8622
2955.5 -56.7543
2949.85 -56.6466
2944.21 -56.5391
2938.57 -56.4319
2932.95 -56.3248
2927.34 -56.2179
2921.74 -56.1113
2916.15 -56.0048
2910.57 -55.8986
2905 -55.7925
2899.45 -55.6867
2893.9 -55.581
2888.36 -55.4756
2882.83 -55.3703
2877.32 -55.2653
2871.81 -55.1604
2866.32 -55.0558
2860.83 -54.9513
2855.36 -54.847
2849.89 -54.743
2844.44 -54.6391
2839 -54.5354
2833.57 -54.432
2828.14 -54.3287
2822.73 -54.2256
2817.33 -54.1227
2811.94 -54.02
2806.56 -53.9175
2801.18 -53.8152
2795.82 -53.7131
2790.47 -53.6112
2785.13 -53.5095
2779.8 -53.408
2774.48 -53.3066
2769.17 -53.2055
2763.87 -53.1045
2758.58 -53.0038
2753.3 -52.9032
2748.03 -52.8028
2742.77 -52.7026
2737.52 -52.6026
2732.28 -52.5028
2727.05 -52.4032
2721.83 -52.3038
2716.62 -52.2045
2711.42 -52.1055
2706.22 -52.0066
2701.04 -51.9079
2695.87 -51.8094
2690.71 -51.7111
2685.56 -51.613
2680.42 -51.5151
2675.29 -51.4173
2670.16 -51.3198
2665.05 -51.2224
2659.95 -51.1252
2654.86 -51.0282
2649.77 -50.9313
2644.7 -50.8347
2639.63 -50.7382
2634.58 -50.642
2629.53 -50.5459
2624.5 -50.45
2619.47 -50.3542
2614.46 -50.2587
2609.45 -50.1633
2604.45 -50.0681
2599.46 -49.9731
2594.49 -49.8783
2589.52 -49.7836
2584.56 -49.6892
2579.61 -49.5949
2574.67 -49.5008
2569.74 -49.4068
2564.81 -49.3131
2559.9 -49.2195
2555 -49.1261
2550.1 -49.0329
2545.22 -48.9398
2540.34 -48.8469
2535.48 -48.7542
2530.62 -48.6617
2525.77 -48.5694
2520.93 -48.4772
2516.1 -48.3852
2511.28 -48.2934
2506.47 -48.2018
2501.67 -48.1103
2496.88 -48.019
2492.1 -47.9279
2487.32 -47.8369
2482.56 -47.7461
2477.8 -47.6555
2473.05 -47.5651
2468.31 -47.4748
2463.58 -47.3847
2458.86 -47.2948
2454.15 -47.205
2449.45 -47.1154
2444.75 -47.026
2440.07 -46.9368
2435.39 -46.8477
2430.73 -46.7588
2426.07 -46.6701
2421.42 -46.5815
2416.78 -46.4931
2412.15 -46.4049
2407.52 -46.3168
2402.91 -46.2289
2398.31 -46.1412
2393.71 -46.0536
2389.12 -45.9662
2384.54 -45.8789
2379.97 -45.7919
2375.41 -45.705
2370.86 -45.6182
2366.31 -45.5316
2361.78 -45.4452
2357.25 -45.359
2352.73 -45.2729
2348.22 -45.187
2343.72 -45.1012
2339.22 -45.0156
2334.74 -44.9302
2330.26 -44.8449
2325.8 -44.7598
2321.34 -44.6748
2316.89 -44.59
2312.45 -44.5054
2308.01 -44.4209
2303.59 -44.3366
2299.17 -44.2525
2294.76 -44.1685
2290.36 -44.0847
2285.97 -44.001
2281.59 -43.9175
2277.21 -43.8341
2272.84 -43.7509
2268.49 -43.6679
2264.14 -43.585
2259.79 -43.5023
2255.46 -43.4197
2251.13 -43.3373
2246.82 -43.255
2242.51 -43.1729
2238.21 -43.091
2233.91 -43.0092
2229.63 -42.9276
2225.35 -42.8461
2221.08 -42.7648
2216.82 -42.6836
2212.57 -42.6026
2208.33 -42.5217
2204.09 -42.441
2199.86 -42.3604
2195.64 -42.28
2191.43 -42.1998
2187.23 -42.1197
2183.03 -42.0397
2178.84 -41.9599
2174.66 -41.8803
2170.49 -41.8008
2166.33 -41.7214
2162.17 -41.6422
2158.02 -41.5632
2153.88 -41.4843
2149.75 -41.4056
2145.62 -41.327
2141.51 -41.2485
2137.4 -41.1702
2133.3 -41.0921
2129.2 -41.0141
2125.12 -40.9362
2121.04 -40.8585
2116.97 -40.7809
2112.91 -40.7035
2108.85 -40.6263
2104.8 -40.5491
2100.76 -40.4722
2096.73 -40.3953
2092.71 -40.3187
2088.69 -40.2421
2084.68 -40.1657
2080.68 -40.0895
2076.69 -40.0134
2072.7 -39.9374
2068.72 -39.8616
2064.75 -39.7859
2060.79 -39.7104
2056.83 -39.635
2052.88 -39.5598
2048.94 -39.4847
2045.01 -39.4097
2041.08 -39.3349
2037.17 -39.2602
2033.25 -39.1857
2029.35 -39.1113
2025.45 -39.0371
2021.57 -38.963
2017.68 -38.889
2013.81 -38.8152
2009.94 -38.7415
2006.08 -38.6679
2002.23 -38.5945
1998.39 -38.5213
1994.55 -38.4481
1990.72 -38.3751
1986.9 -38.3023
1983.08 -38.2296
1979.27 -38.157
1975.47 -38.0845
1971.68 -38.0122
1967.89 -37.9401
1964.11 -37.868
1960.34 -37.7961
1956.57 -37.7244
1952.81 -37.6528
1949.06 -37.5813
1945.32 -37.5099
1941.58 -37.4387
1937.85 -37.3676
1934.13 -37.2967
1930.41 -37.2259
1926.71 -37.1552
1923 -37.0847
1919.31 -37.0143
1915.62 -36.944
1911.94 -36.8738
1908.27 -36.8038
1904.6 -36.734
1900.94 -36.6642
1897.29 -36.5946
1893.65 -36.5251
1890.01 -36.4558
1886.37 -36.3866
1882.75 -36.3175
1879.13 -36.2485
1875.52 -36.1797
1871.92 -36.111
1868.32 -36.0424
1864.73 -35.974
1861.15 -35.9057
1857.57 -35.8375
1854 -35.7695
1850.43 -35.7016
1846.88 -35.6338
1843.33 -35.5661
1839.78 -35.4986
1836.25 -35.4312
1832.72 -35.3639
1829.2 -35.2968
1825.68 -35.2297
1822.17 -35.1628
1818.67 -35.0961
1815.17 -35.0294
1811.68 -34.9629
1808.2 -34.8965
1804.72 -34.8303
1801.25 -34.7641
1797.79 -34.6981
1794.33 -34.6322
1790.88 -34.5665
1787.44 -34.5008
1784 -34.4353
1780.57 -34.3699
1777.15 -34.3047
1773.73 -34.2395
1770.32 -34.1745
1766.91 -34.1096
1763.52 -34.0449
1760.12 -33.9802
1756.74 -33.9157
1753.36 -33.8513
1749.99 -33.787
1746.62 -33.7228
1743.26 -33.6588
1739.91 -33.5949
1736.56 -33.5311
1733.22 -33.4674
1729.89 -33.4039
1726.56 -33.3404
1723.24 -33.2771
1719.92 -33.2139
1716.62 -33.1508
1713.31 -33.0879
1710.02 -33.0251
1706.73 -32.9623
1703.44 -32.8997
1700.17 -32.8373
1696.89 -32.7749
1693.63 -32.7127
1690.37 -32.6505
1687.12 -32.5885
1683.87 -32.5266
1680.63 -32.4649
1677.4 -32.4032
1674.17 -32.3417
1670.95 -32.2803
1667.73 -32.219
1664.52 -32.1578
1661.32 -32.0967
1658.12 -32.0357
1654.93 -31.9749
1651.74 -31.9142
1648.56 -31.8536
1645.39 -31.7931
1642.22 -31.7327
1639.06 -31.6724
1635.91 -31.6123
1632.76 -31.5522
1629.62 -31.4923
1626.48 -31.4325
1623.35 -31.3728
1620.22 -31.3132
1617.1 -31.2538
1613.99 -31.1944
1610.88 -31.1352
1607.78 -31.076
1604.68 -31.017
1601.59 -30.9581
1598.51 -30.8993
1595.43 -30.8406
1592.36 -30.782
1589.29 -30.7236
1586.23 -30.6652
1583.18 -30.607
1580.13 -30.5488
1577.08 -30.4908
1574.05 -30.4329
1571.01 -30.3751
1567.99 -30.3174
1564.97 -30.2598
1561.95 -30.2023
1558.95 -30.145
1555.94 -30.0877
1552.94 -30.0306
1549.95 -29.9735
1546.97 -29.9166
1543.99 -29.8598
1541.01 -29.8031
1538.04 -29.7465
1535.08 -29.69
1532.12 -29.6336
1529.17 -29.5773
1526.22 -29.5211
1523.28 -29.465
1520.35 -29.4091
1517.42 -29.3532
1514.49 -29.2974
1511.57 -29.2418
1508.66 -29.1862
1505.75 -29.1308
1502.85 -29.0755
1499.96 -29.0202
1497.06 -28.9651
1494.18 -28.9101
1491.3 -28.8552
1488.42 -28.8004
1485.56 -28.7457
1482.69 -28.6911
1479.83 -28.6366
1476.98 -28.5822
1474.13 -28.5279
1471.29 -28.4737
1468.45 -28.4196
1465.62 -28.3656
1462.8 -28.3117
1459.98 -28.2579
1457.16 -28.2042
1454.35 -28.1507
1451.55 -28.0972
1448.75 -28.0438
1445.96 -27.9905
1443.17 -27.9374
1440.38 -27.8843
1437.61 -27.8313
1434.83 -27.7785
1432.07 -27.7257
1429.3 -27.673
1426.55 -27.6204
1423.8 -27.568
1421.05 -27.5156
1418.31 -27.4633
1415.57 -27.4112
1412.84 -27.3591
1410.12 -27.3071
1407.4 -27.2552
1404.68 -27.2034
1401.97 -27.1518
1399.27 -27.1002
1396.57 -27.0487
1393.87 -26.9973
1391.18 -26.946
1388.5 -26.8948
1385.82 -26.8437
1383.14 -26.7927
1380.48 -26.7418
1377.81 -26.691
1375.15 -26.6403
1372.5 -26.5897
1369.85 -26.5392
1367.21 -26.4888
1364.57 -26.4384
1361.93 -26.3882
1359.3 -26.3381
1356.68 -26.288
1354.06 -26.2381
1351.45 -26.1882
1348.84 -26.1385
1346.23 -26.0888
1343.64 -26.0392
1341.04 -25.9898
1338.45 -25.9404
1335.87 -25.8911
1333.29 -25.8419
1330.71 -25.7928
1328.15 -25.7438
1325.58 -25.6949
1323.02 -25.6461
1320.47 -25.5973
1317.92 -25.5487
1315.37 -25.5002
1312.83 -25.4517
1310.3 -25.4034
1307.76 -25.3551
1305.24 -25.3069
1302.72 -25.2588
1300.2 -25.2108
1297.69 -25.1629
1295.18 -25.1151
1292.68 -25.0674
1290.18 -25.0198
1287.69 -24.9722
1285.2 -24.9248
1282.72 -24.8774
1280.24 -24.8301
1277.77 -24.7829
1275.3 -24.7359
1272.84 -24.6889
1270.38 -24.6419
1267.92 -24.5951
1265.47 -24.5484
1263.03 -24.5017
1260.58 -24.4552
1258.15 -24.4087
1255.72 -24.3623
1253.29 -24.316
1250.87 -24.2698
1248.45 -24.2237
1246.04 -24.1777
1243.63 -24.1317
1241.22 -24.0859
1238.82 -24.0401
1236.43 -23.9944
1234.04 -23.9488
1231.65 -23.9033
1229.27 -23.8579
1226.9 -23.8125
1224.52 -23.7673
1222.16 -23.7221
1219.79 -23.677
1217.43 -23.632
1215.08 -23.5871
1212.73 -23.5423
1210.38 -23.4976
1208.04 -23.4529
1205.71 -23.4083
1203.38 -23.3639
1201.05 -23.3195
1198.72 -23.2751
1196.41 -23.2309
1194.09 -23.1868
1191.78 -23.1427
1189.48 -23.0987
1187.18 -23.0548
1184.88 -23.011
1182.59 -22.9673
1180.3 -22.9236
1178.01 -22.88
1175.74 -22.8366
1173.46 -22.7932
1171.19 -22.7498
1168.92 -22.7066
1166.66 -22.6634
1164.4 -22.6204
1162.15 -22.5774
1159.9 -22.5345
1157.66 -22.4916
1155.42 -22.4489
1153.18 -22.4062
1150.95 -22.3636
1148.72 -22.3211
1146.5 -22.2787
1144.28 -22.2364
1142.06 -22.1941
1139.85 -22.1519
1137.64 -22.1098
1135.44 -22.0678
1133.24 -22.0258
1131.05 -21.984
1128.86 -21.9422
1126.67 -21.9005
1124.49 -21.8589
1122.31 -21.8173
1120.14 -21.7758
1117.97 -21.7344
1115.8 -21.6931
1113.64 -21.6519
1111.49 -21.6107
1109.33 -21.5697
1107.18 -21.5287
1105.04 -21.4877
1102.9 -21.4469
1100.76 -21.4061
1098.63 -21.3654
1096.5 -21.3248
1094.38 -21.2843
1092.26 -21.2438
1090.14 -21.2034
1088.03 -21.1631
1085.92 -21.1229
1083.82 -21.0828
1081.72 -21.0427
1079.62 -21.0027
1077.53 -20.9628
1075.44 -20.9229
1073.35 -20.8831
1071.27 -20.8434
1069.2 -20.8038
1067.13 -20.7643
1065.06 -20.7248
1062.99 -20.6854
1060.93 -20.6461
1058.87 -20.6068
1056.82 -20.5677
1054.77 -20.5286
1052.73 -20.4895
1050.69 -20.4506
1048.65 -20.4117
1046.62 -20.3729
1044.59 -20.3342
1042.56 -20.2955
1040.54 -20.2569
1038.52 -20.2184
1036.51 -20.18
1034.5 -20.1416
1032.49 -20.1033
1030.49 -20.0651
1028.49 -20.0269
1026.49 -19.9889
1024.5 -19.9509
1022.51 -19.9129
1020.53 -19.8751
1018.55 -19.8373
1016.57 -19.7996
1014.6 -19.7619
1012.63 -19.7244
1010.67 -19.6869
1008.71 -19.6494
1006.75 -19.6121
1004.8 -19.5748
1002.85 -19.5376
1000.9 -19.5004
998.957 -19.4633
997.018 -19.4263
995.083 -19.3894
993.151 -19.3525
991.223 -19.3157
989.299 -19.279
987.379 -19.2424
985.462 -19.2058
983.548 -19.1693
981.639 -19.1328
979.733 -19.0964
977.83 -19.0601
975.932 -19.0239
974.036 -18.9877
972.145 -18.9516
970.257 -18.9156
968.373 -18.8796
966.492 -18.8437
964.615 -18.8079
962.741 -18.7721
960.871 -18.7364
959.004 -18.7008
957.141 -18.6652
955.282 -18.6297
953.426 -18.5943
951.574 -18.5589
949.725 -18.5237
947.879 -18.4884
946.038 -18.4533
944.199 -18.4182
942.364 -18.3832
940.533 -18.3482
938.705 -18.3133
936.881 -18.2785
935.06 -18.2437
933.243 -18.209
931.429 -18.1744
929.618 -18.1398
927.811 -18.1054
926.007 -18.0709
924.207 -18.0366
922.41 -18.0023
920.617 -17.968
918.827 -17.9339
917.04 -17.8997
915.257 -17.8657
913.477 -17.8317
911.701 -17.7978
909.928 -17.764
908.158 -17.7302
906.392 -17.6965
904.629 -17.6628
902.87 -17.6292
901.113 -17.5957
899.36 -17.5622
897.611 -17.5288
895.865 -17.4955
894.122 -17.4622
892.382 -17.429
890.646 -17.3959
888.913 -17.3628
887.183 -17.3298
885.457 -17.2968
883.734 -17.2639
882.014 -17.2311
880.297 -17.1983
878.584 -17.1656
876.874 -17.1329
875.167 -17.1003
873.464 -17.0678
871.763 -17.0354
870.066 -17.003
868.373 -16.9706
866.682 -16.9383
864.995 -16.9061
863.31 -16.874
861.629 -16.8419
859.952 -16.8098
858.277 -16.7779
856.606 -16.7459
854.937 -16.7141
853.272 -16.6823
851.61 -16.6506
849.952 -16.6189
848.296 -16.5873
846.644 -16.5557
844.994 -16.5242
843.348 -16.4928
841.705 -16.4614
840.065 -16.4301
838.429 -16.3989
836.795 -16.3677
835.164 -16.3365
833.537 -16.3055
831.913 -16.2744
830.291 -16.2435
828.673 -16.2126
827.058 -16.1818
825.446 -16.151
823.837 -16.1202
822.231 -16.0896
820.628 -16.059
819.029 -16.0284
817.432 -15.9979
815.838 -15.9675
814.247 -15.9371
812.66 -15.9068
811.075 -15.8765
809.494 -15.8463
807.915 -15.8162
806.339 -15.7861
804.767 -15.7561
803.197 -15.7261
801.63 -15.6962
800.067 -15.6663
798.506 -15.6365
796.948 -15.6068
795.394 -15.5771
793.842 -15.5474
792.293 -15.5179
790.747 -15.4883
789.204 -15.4589
787.664 -15.4295
786.127 -15.4001
784.593 -15.3708
783.062 -15.3416
781.533 -15.3124
780.008 -15.2832
778.485 -15.2542
776.966 -15.2251
775.449 -15.1962
773.935 -15.1673
772.424 -15.1384
770.916 -15.1096
769.411 -15.0808
767.909 -15.0521
766.409 -15.0235
764.913 -14.9949
763.419 -14.9664
761.928 -14.9379
760.44 -14.9095
758.954 -14.8811
757.472 -14.8528
755.992 -14.8245
754.516 -14.7963
753.041 -14.7682
751.57 -14.7401
750.102 -14.712
748.636 -14.684
747.173 -14.6561
745.713 -14.6282
744.256 -14.6004
742.802 -14.5726
741.35 -14.5449
739.901 -14.5172
738.455 -14.4896
737.011 -14.462
735.571 -14.4345
734.133 -14.407
732.697 -14.3796
731.265 -14.3522
729.835 -14.3249
728.408 -14.2976
726.984 -14.2704
725.562 -14.2433
724.143 -14.2162
722.727 -14.1891
721.314 -14.1621
719.903 -14.1352
718.495 -14.1083
717.089 -14.0814
715.686 -14.0546
714.286 -14.0279
712.889 -14.0012
711.494 -13.9745
710.102 -13.9479
708.712 -13.9214
707.326 -13.8949
705.941 -13.8684
704.56 -13.842
703.181 -13.8157
701.805 -13.7894
700.431 -13.7632
699.06 -13.737
697.691 -13.7108
696.325 -13.6847
694.962 -13.6587
693.601 -13.6327
692.243 -13.6067
690.888 -13.5808
689.535 -13.555
688.185 -13.5292
686.837 -13.5034
685.492 -13.4777
684.149 -13.4521
682.809 -13.4265
681.471 -13.4009
680.136 -13.3754
678.804 -13.35
677.474 -13.3245
676.147 -13.2992
674.822 -13.2739
673.499 -13.2486
672.18 -13.2234
670.862 -13.1982
669.547 -13.1731
668.235 -13.148
666.925 -13.123
665.618 -13.098
664.313 -13.0731
663.011 -13.0482
661.711 -13.0234
660.414 -12.9986
659.119 -12.9738
657.826 -12.9491
656.536 -12.9245
655.249 -12.8999
653.964 -12.8753
652.681 -12.8508
651.401 -12.8263
650.123 -12.8019
648.848 -12.7775
647.575 -12.7532
646.304 -12.7289
645.036 -12.7047
643.771 -12.6805
642.508 -12.6564
641.247 -12.6323
639.988 -12.6082
638.732 -12.5842
637.479 -12.5603
636.227 -12.5364
634.978 -12.5125
633.732 -12.4887
632.488 -12.4649
631.246 -12.4412
630.007 -12.4175
628.77 -12.3938
627.535 -12.3702
626.303 -12.3467
625.073 -12.3232
623.845 -12.2997
622.62 -12.2763
621.397 -12.2529
620.176 -12.2296
618.958 -12.2063
617.742 -12.1831
616.528 -12.1599
615.317 -12.1367
614.108 -12.1136
612.901 -12.0905
611.697 -12.0675
610.495 -12.0445
609.295 -12.0216
608.097 -11.9987
606.902 -11.9759
605.709 -11.9531
604.518 -11.9303
603.329 -11.9076
602.143 -11.8849
600.959 -11.8623
599.778 -11.8397
598.598 -11.8171
597.421 -11.7946
596.246 -11.7722
595.073 -11.7498
593.903 -11.7274
592.734 -11.7051
591.568 -11.6828
590.404 -11.6605
589.243 -11.6383
588.083 -11.6161
586.926 -11.594
585.771 -11.5719
584.618 -11.5499
583.468 -11.5279
582.319 -11.506
581.173 -11.484
580.029 -11.4622
578.887 -11.4403
577.748 -11.4186
576.61 -11.3968
575.475 -11.3751
574.342 -11.3534
573.211 -11.3318
572.082 -11.3102
570.955 -11.2887
569.83 -11.2672
568.708 -11.2457
567.588 -11.2243
566.47 -11.2029
565.354 -11.1816
564.24 -11.1603
563.128 -11.139
562.018 -11.1178
560.911 -11.0967
559.805 -11.0755
558.702 -11.0544
557.601 -11.0334
556.502 -11.0124
555.404 -10.9914
554.31 -10.9704
553.217 -10.9495
552.126 -10.9287
551.037 -10.9079
549.951 -10.8871
548.866 -10.8664
547.783 -10.8457
546.703 -10.825
545.625 -10.8044
544.548 -10.7838
543.474 -10.7632
542.402 -10.7427
541.332 -10.7223
540.263 -10.7019
539.197 -10.6815
538.133 -10.6611
537.071 -10.6408
536.011 -10.6205
534.953 -10.6003
533.897 -10.5801
532.843 -10.56
531.791 -10.5398
530.741 -10.5198
529.693 -10.4997
528.647 -10.4797
527.603 -10.4597
526.561 -10.4398
525.521 -10.4199
524.483 -10.4001
523.447 -10.3803
522.413 -10.3605
521.381 -10.3408
520.351 -10.321
519.323 -10.3014
518.297 -10.2818
517.272 -10.2622
516.25 -10.2426
515.23 -10.2231
514.211 -10.2036
513.195 -10.1842
512.18 -10.1648
511.168 -10.1454
510.157 -10.1261
509.148 -10.1068
508.141 -10.0875
507.136 -10.0683
506.133 -10.0491
505.132 -10.03
504.133 -10.0109
503.136 -9.99178
502.14 -9.97274
501.147 -9.95374
500.155 -9.93477
499.166 -9.91584
498.178 -9.89694
497.192 -9.87808
496.208 -9.85926
495.226 -9.84047
494.245 -9.82172
493.267 -9.803
492.29 -9.78432
491.316 -9.76568
490.343 -9.74707
489.372 -9.72849
488.403 -9.70995
487.435 -9.69145
486.47 -9.67298
485.506 -9.65454
484.545 -9.63614
483.585 -9.61778
482.627 -9.59945
481.67 -9.58115
480.716 -9.56289
479.763 -9.54467
478.812 -9.52647
477.863 -9.50832
476.916 -9.4902
475.971 -9.47211
475.027 -9.45405
474.085 -9.43603
473.145 -9.41805
472.207 -9.4001
471.271 -9.38218
470.336 -9.3643
469.403 -9.34645
468.472 -9.32864
467.543 -9.31085
466.615 -9.29311
465.689 -9.27539
464.765 -9.25771
463.843 -9.24007
462.923 -9.22245
462.004 -9.20487
461.087 -9.18733
460.172 -9.16981
459.258 -9.15233
458.346 -9.13489
457.436 -9.11747
456.528 -9.10009
455.622 -9.08275
454.717 -9.06543
453.814 -9.04815
452.912 -9.0309
452.013 -9.01368
451.115 -8.9965
450.219 -8.97935
449.324 -8.96223
448.431 -8.94515
447.54 -8.92809
446.651 -8.91107
445.763 -8.89408
444.877 -8.87713
443.993 -8.8602
443.11 -8.84331
442.229 -8.82645
441.35 -8.80962
440.472 -8.79282
439.596 -8.77606
438.722 -8.75933
437.849 -8.74263
436.978 -8.72596
436.109 -8.70932
435.242 -8.69271
434.376 -8.67614
433.511 -8.6596
432.649 -8.64308
431.788 -8.6266
430.928 -8.61015
430.071 -8.59374
429.214 -8.57735
428.36 -8.56099
427.507 -8.54467
426.656 -8.52838
425.806 -8.51211
424.958 -8.49588
424.112 -8.47968
423.267 -8.46351
422.424 -8.44737
421.583 -8.43126
420.743 -8.41518
419.904 -8.39914
419.068 -8.38312
418.233 -8.36713
417.399 -8.35118
416.567 -8.33525
415.737 -8.31935
414.908 -8.30349
414.081 -8.28765
413.255 -8.27185
412.431 -8.25607
411.609 -8.24032
410.788 -8.22461
409.968 -8.20892
409.151 -8.19327
408.335 -8.17764
407.52 -8.16204
406.707 -8.14647
405.895 -8.13094
405.085 -8.11543
404.277 -8.09995
403.47 -8.0845
402.665 -8.06908
401.861 -8.05369
401.058 -8.03833
400.258 -8.02299
399.458 -8.00769
398.661 -7.99242
397.864 -7.97717
397.07 -7.96195
396.277 -7.94677
395.485 -7.93161
394.695 -7.91648
393.906 -7.90138
393.119 -7.8863
392.333 -7.87126
391.549 -7.85624
390.767 -7.84126
389.986 -7.8263
389.206 -7.81137
388.428 -7.79647
387.651 -7.78159
386.876 -7.76675
386.102 -7.75193
385.33 -7.73714
384.559 -7.72238
383.79 -7.70765
383.022 -7.69294
382.256 -7.67827
381.491 -7.66362
380.727 -7.649
379.965 -7.6344
379.205 -7.61984
378.446 -7.6053
377.688 -7.59079
376.932 -7.5763
376.177 -7.56185
375.424 -7.54742
374.672 -7.53302
373.922 -7.51864
373.173 -7.5043
372.425 -7.48998
371.679 -7.47569
370.934 -7.46142
370.191 -7.44718
369.449 -7.43297
368.709 -7.41879
367.969 -7.40463
367.232 -7.3905
366.496 -7.3764
365.761 -7.36232
365.027 -7.34827
364.295 -7.33425
363.565 -7.32026
362.835 -7.30629
362.108 -7.29234
361.381 -7.27843
360.656 -7.26454
359.932 -7.25067
359.21 -7.23683
358.489 -7.22302
357.77 -7.20924
357.051 -7.19548
356.335 -7.18175
355.619 -7.16804
354.905 -7.15436
354.192 -7.1407
353.481 -7.12707
352.771 -7.11347
352.062 -7.09989
351.355 -7.08634
350.649 -7.07282
349.945 -7.05932
349.241 -7.04584
348.54 -7.03239
347.839 -7.01897
347.14 -7.00557
346.442 -6.9922
345.745 -6.97885
345.05 -6.96553
344.356 -6.95223
343.664 -6.93896
342.972 -6.92572
342.282 -6.91249
341.594 -6.8993
340.907 -6.88613
340.221 -6.87298
339.536 -6.85986
338.853 -6.84677
338.17 -6.83369
337.49 -6.82065
336.81 -6.80763
336.132 -6.79463
335.455 -6.78166
334.78 -6.76871
334.105 -6.75579
333.432 -6.74289
332.761 -6.73002
332.09 -6.71717
331.421 -6.70434
330.753 -6.69154
330.087 -6.67876
329.421 -6.66601
328.757 -6.65328
328.094 -6.64058
327.433 -6.6279
326.773 -6.61524
326.114 -6.60261
325.456 -6.59
324.799 -6.57742
324.144 -6.56486
323.49 -6.55233
322.837 -6.53981
322.186 -6.52732
321.536 -6.51486
320.887 -6.50242
320.239 -6.49
319.592 -6.47761
318.947 -6.46524
318.303 -6.45289
317.66 -6.44057
317.019 -6.42827
316.378 -6.41599
315.739 -6.40374
315.101 -6.39151
314.464 -6.3793
313.829 -6.36712
313.195 -6.35495
312.562 -6.34282
311.93 -6.3307
311.299 -6.31861
310.67 -6.30654
310.041 -6.2945
309.414 -6.28247
308.789 -6.27047
308.164 -6.2585
307.54 -6.24654
306.918 -6.23461
306.297 -6.2227
305.677 -6.21082
305.058 -6.19895
304.441 -6.18711
303.825 -6.17529
303.209 -6.16349
302.595 -6.15172
301.983 -6.13997
301.371 -6.12824
300.76 -6.11653
300.151 -6.10485
299.543 -6.09318
298.936 -6.08154
298.33 -6.06992
297.725 -6.05833
297.122 -6.04675
296.52 -6.0352
295.918 -6.02367
295.318 -6.01216
294.719 -6.00067
294.122 -5.98921
293.525 -5.97777
292.929 -5.96635
292.335 -5.95495
291.742 -5.94357
291.15 -5.93221
290.559 -5.92088
289.969 -5.90956
289.38 -5.89827
288.793 -5.887
288.206 -5.87575
287.621 -5.86452
287.037 -5.85332
286.454 -5.84213
285.872 -5.83097
285.291 -5.81982
284.711 -5.8087
284.132 -5.7976
283.555 -5.78652
282.978 -5.77546
282.403 -5.76442
281.829 -5.75341
281.256 -5.74241
280.684 -5.73144
280.113 -5.72048
279.543 -5.70955
278.974 -5.69864
278.406 -5.68775
277.84 -5.67688
277.274 -5.66602
276.71 -5.6552
276.146 -5.64439
275.584 -5.6336
275.023 -5.62283
274.463 -5.61208
273.904 -5.60135
273.346 -5.59065
272.789 -5.57996
272.233 -5.56929
271.678 -5.55865
271.124 -5.54802
270.572 -5.53742
270.02 -5.52683
269.47 -5.51626
268.92 -5.50572
268.372 -5.49519
267.824 -5.48469
267.278 -5.4742
266.732 -5.46374
266.188 -5.45329
265.645 -5.44287
265.103 -5.43246
264.561 -5.42207
264.021 -5.41171
263.482 -5.40136
262.944 -5.39103
262.407 -5.38072
261.871 -5.37044
261.336 -5.36017
260.802 -5.34992
260.269 -5.33969
259.737 -5.32948
259.206 -5.31929
258.676 -5.30912
258.148 -5.29896
257.62 -5.28883
257.093 -5.27872
256.567 -5.26862
256.042 -5.25855
255.518 -5.24849
254.995 -5.23845
254.474 -5.22844
253.953 -5.21844
253.433 -5.20846
252.914 -5.19849
252.396 -5.18855
251.879 -5.17863
251.363 -5.16872
250.849 -5.15884
250.335 -5.14897
249.822 -5.13912
249.31 -5.12929
248.799 -5.11948
248.289 -5.10969
247.78 -5.09992
247.272 -5.09016
246.765 -5.08043
246.259 -5.07071
245.753 -5.06101
245.249 -5.05133
244.746 -5.04166
244.244 -5.03202
243.743 -5.02239
243.242 -5.01279
242.743 -5.0032
242.244 -4.99362
241.747 -4.98407
241.25 -4.97454
240.755 -4.96502
240.26 -4.95552
239.767 -4.94604
239.274 -4.93658
238.782 -4.92713
238.291 -4.9177
237.801 -4.9083
237.313 -4.8989
236.825 -4.88953
236.337 -4.88017
235.851 -4.87084
235.366 -4.86152
234.882 -4.85221
234.398 -4.84293
233.916 -4.83366
233.434 -4.82441
232.954 -4.81518
232.474 -4.80597
231.995 -4.79677
231.518 -4.78759
231.041 -4.77843
230.565 -4.76928
230.09 -4.76016
229.615 -4.75105
229.142 -4.74195
228.67 -4.73288
228.198 -4.72382
227.728 -4.71478
227.258 -4.70575
226.789 -4.69675
226.321 -4.68776
225.854 -4.67879
225.388 -4.66983
224.923 -4.66089
224.459 -4.65197
223.995 -4.64307
223.533 -4.63418
223.071 -4.62531
222.61 -4.61645
222.15 -4.60762
221.691 -4.59879
221.233 -4.58999
220.776 -4.5812
220.32 -4.57243
219.864 -4.56368
219.41 -4.55494
218.956 -4.54622
218.503 -4.53752
218.051 -4.52883
217.6 -4.52016
217.15 -4.51151
216.7 -4.50287
216.252 -4.49425
215.804 -4.48564
215.357 -4.47705
214.911 -4.46848
214.466 -4.45992
214.022 -4.45138
213.578 -4.44286
213.136 -4.43435
212.694 -4.42586
212.253 -4.41739
211.813 -4.40893
211.374 -4.40048
210.935 -4.39206
210.498 -4.38365
210.061 -4.37525
209.625 -4.36687
209.19 -4.35851
208.756 -4.35016
208.323 -4.34183
207.89 -4.33351
207.458 -4.32521
207.028 -4.31693
206.598 -4.30866
206.168 -4.30041
205.74 -4.29217
205.312 -4.28395
204.886 -4.27574
204.46 -4.26755
204.035 -4.25938
203.61 -4.25122
203.187 -4.24308
202.764 -4.23495
202.342 -4.22683
201.921 -4.21874
201.501 -4.21066
201.081 -4.20259
200.663 -4.19454
200.245 -4.1865
199.828 -4.17848
199.412 -4.17047
198.996 -4.16248
198.582 -4.15451
198.168 -4.14655
197.755 -4.1386
197.342 -4.13067
196.931 -4.12276
196.52 -4.11486
196.11 -4.10698
195.701 -4.09911
195.293 -4.09125
194.885 -4.08341
194.478 -4.07559
194.072 -4.06778
193.667 -4.05998
193.263 -4.0522
192.859 -4.04443
192.456 -4.03668
192.054 -4.02895
191.653 -4.02122
191.252 -4.01352
190.852 -4.00583
190.453 -3.99815
190.055 -3.99048
189.657 -3.98284
189.261 -3.9752
188.865 -3.96758
188.469 -3.95998
188.075 -3.95239
187.681 -3.94481
187.288 -3.93725
186.896 -3.9297
186.505 -3.92217
186.114 -3.91465
185.724 -3.90714
185.335 -3.89965
184.946 -3.89218
184.559 -3.88472
184.172 -3.87727
183.785 -3.86983
183.4 -3.86241
183.015 -3.85501
182.631 -3.84762
182.248 -3.84024
181.865 -3.83288
181.483 -3.82553
181.102 -3.81819
180.722 -3.81087
180.342 -3.80356
179.963 -3.79627
179.585 -3.78899
179.208 -3.78172
178.831 -3.77447
178.455 -3.76723
178.08 -3.76001
177.705 -3.7528
177.331 -3.7456
176.958 -3.73842
176.586 -3.73125
176.214 -3.72409
175.843 -3.71695
175.473 -3.70982
175.103 -3.7027
174.734 -3.6956
174.366 -3.68851
173.999 -3.68144
173.632 -3.67438
173.266 -3.66733
172.901 -3.66029
172.536 -3.65327
172.172 -3.64626
171.809 -3.63927
171.446 -3.63229
171.085 -3.62532
170.723 -3.61836
170.363 -3.61142
170.003 -3.60449
169.644 -3.59758
169.286 -3.59067
168.928 -3.58378
168.571 -3.57691
168.215 -3.57004
167.859 -3.56319
167.504 -3.55636
167.15 -3.54953
166.796 -3.54272
166.443 -3.53592
166.091 -3.52914
165.74 -3.52237
165.389 -3.51561
165.039 -3.50886
164.689 -3.50213
164.34 -3.4954
163.992 -3.4887
163.644 -3.482
163.298 -3.47532
162.951 -3.46865
162.606 -3.46199
162.261 -3.45534
161.917 -3.44871
161.573 -3.44209
161.23 -3.43548
160.888 -3.42889
160.547 -3.42231
160.206 -3.41574
159.865 -3.40918
159.526 -3.40264
159.187 -3.3961
158.848 -3.38958
158.511 -3.38308
158.174 -3.37658
157.837 -3.3701
157.502 -3.36363
157.167 -3.35717
156.832 -3.35072
156.498 -3.34429
156.165 -3.33787
155.833 -3.33146
155.501 -3.32506
155.17 -3.31868
154.839 -3.31231
154.509 -3.30594
154.18 -3.2996
153.851 -3.29326
153.523 -3.28693
153.196 -3.28062
152.869 -3.27432
152.543 -3.26803
152.217 -3.26176
151.892 -3.25549
151.568 -3.24924
151.244 -3.243
150.921 -3.23677
150.599 -3.23055
150.277 -3.22435
149.956 -3.21815
149.635 -3.21197
149.315 -3.2058
148.996 -3.19964
148.677 -3.1935
148.359 -3.18736
148.041 -3.18124
147.724 -3.17513
147.408 -3.16903
147.093 -3.16294
146.777 -3.15686
146.463 -3.15079
146.149 -3.14474
145.836 -3.1387
145.523 -3.13267
145.211 -3.12665
144.9 -3.12064
144.589 -3.11464
144.278 -3.10866
143.969 -3.10268
143.66 -3.09672
143.351 -3.09077
143.043 -3.08483
142.736 -3.0789
142.429 -3.07298
142.123 -3.06708
141.818 -3.06118
141.513 -3.0553
141.208 -3.04943
140.905 -3.04356
140.601 -3.03771
140.299 -3.03188
139.997 -3.02605
139.695 -3.02023
139.395 -3.01442
139.094 -3.00863
138.795 -3.00285
138.495 -2.99707
138.197 -2.99131
137.899 -2.98556
137.601 -2.97982
137.305 -2.97409
137.008 -2.96837
136.713 -2.96266
136.418 -2.95697
136.123 -2.95128
135.829 -2.94561
135.536 -2.93994
135.243 -2.93429
134.95 -2.92865
134.659 -2.92301
134.367 -2.91739
134.077 -2.91178
133.787 -2.90618
133.497 -2.90059
133.208 -2.89501
132.92 -2.88945
132.632 -2.88389
132.345 -2.87834
132.058 -2.87281
131.772 -2.86728
131.486 -2.86176
131.201 -2.85626
130.917 -2.85076
130.633 -2.84528
130.349 -2.83981
130.066 -2.83434
129.784 -2.82889
129.502 -2.82345
129.221 -2.81802
128.94 -2.81259
128.66 -2.80718
128.38 -2.80178
128.101 -2.79639
127.823 -2.79101
127.545 -2.78564
127.267 -2.78028
126.99 -2.77493
126.714 -2.76959
126.438 -2.76426
126.163 -2.75894
125.888 -2.75363
125.613 -2.74833
125.34 -2.74304
125.066 -2.73776
124.794 -2.73249
124.522 -2.72723
124.25 -2.72198
123.979 -2.71674
123.708 -2.71151
123.438 -2.70629
123.168 -2.70108
122.899 -2.69588
122.631 -2.69069
122.363 -2.68551
122.095 -2.68034
121.828 -2.67518
121.562 -2.67003
121.296 -2.66489
121.03 -2.65976
120.765 -2.65464
120.501 -2.64953
120.237 -2.64443
119.974 -2.63934
119.711 -2.63425
119.448 -2.62918
119.186 -2.62412
118.925 -2.61906
118.664 -2.61402
118.404 -2.60899
118.144 -2.60396
117.884 -2.59895
117.625 -2.59394
117.367 -2.58894
117.109 -2.58396
116.852 -2.57898
116.595 -2.57401
116.338 -2.56905
116.082 -2.5641
115.827 -2.55917
115.572 -2.55423
115.318 -2.54931
115.064 -2.5444
114.81 -2.5395
114.557 -2.53461
114.305 -2.52972
114.053 -2.52485
113.801 -2.51999
113.55 -2.51513
113.3 -2.51028
113.05 -2.50545
112.8 -2.50062
112.551 -2.4958
112.302 -2.49099
112.054 -2.48619
111.807 -2.4814
111.559 -2.47661
111.313 -2.47184
111.066 -2.46708
110.821 -2.46232
110.575 -2.45758
110.331 -2.45284
110.086 -2.44811
109.842 -2.44339
109.599 -2.43868
109.356 -2.43398
109.114 -2.42929
108.872 -2.4246
108.63 -2.41993
108.389 -2.41526
108.148 -2.41061
107.908 -2.40596
107.669 -2.40132
107.429 -2.39669
107.191 -2.39207
106.952 -2.38746
106.715 -2.38285
106.477 -2.37826
106.24 -2.37367
106.004 -2.36909
105.768 -2.36452
105.532 -2.35996
105.297 -2.35541
105.063 -2.35087
104.828 -2.34633
104.595 -2.34181
104.361 -2.33729
104.129 -2.33278
103.896 -2.32828
103.664 -2.32379
103.433 -2.31931
103.202 -2.31483
102.971 -2.31037
102.741 -2.30591
102.511 -2.30146
102.282 -2.29702
102.053 -2.29259
101.825 -2.28817
101.597 -2.28375
101.369 -2.27934
101.142 -2.27494
100.916 -2.27055
100.69 -2.26617
100.464 -2.2618
100.239 -2.25743
100.014 -2.25308
99.7892 -2.24873
99.5652 -2.24439
99.3416 -2.24006
99.1185 -2.23573
98.8958 -2.23142
98.6735 -2.22711
98.4516 -2.22281
98.2302 -2.21852
98.0092 -2.21424
97.7886 -2.20996
97.5685 -2.20569
97.3488 -2.20144
97.1295 -2.19719
96.9106 -2.19294
96.6922 -2.18871
96.4741 -2.18448
96.2565 -2.18026
96.0394 -2.17605
95.8226 -2.17185
95.6062 -2.16766
95.3903 -2.16347
95.1748 -2.15929
94.9597 -2.15512
94.745 -2.15096
94.5308 -2.14681
94.3169 -2.14266
94.1035 -2.13852
93.8904 -2.13439
93.6778 -2.13027
93.4656 -2.12615
93.2538 -2.12204
93.0424 -2.11794
92.8315 -2.11385
92.6209 -2.10977
92.4107 -2.10569
92.201 -2.10162
91.9916 -2.09756
91.7827 -2.09351
91.5741 -2.08946
91.366 -2.08543
91.1583 -2.0814
90.9509 -2.07737
90.744 -2.07336
90.5375 -2.06935
90.3313 -2.06535
90.1256 -2.06136
89.9202 -2.05738
89.7153 -2.0534
89.5107 -2.04943
89.3066 -2.04547
89.1028 -2.04151
88.8995 -2.03757
88.6965 -2.03363
88.4939 -2.0297
88.2917 -2.02577
88.0899 -2.02186
87.8885 -2.01795
87.6875 -2.01405
87.4869 -2.01015
87.2867 -2.00626
87.0868 -2.00238
86.8873 -1.99851
86.6883 -1.99465
86.4896 -1.99079
86.2913 -1.98694
86.0933 -1.9831
85.8958 -1.97926
85.6986 -1.97543
85.5019 -1.97161
85.3055 -1.9678
85.1094 -1.96399
84.9138 -1.96019
84.7185 -1.9564
84.5237 -1.95262
84.3291 -1.94884
84.135 -1.94507
83.9413 -1.9413
83.7479 -1.93755
83.5549 -1.9338
83.3622 -1.93006
83.17 -1.92632
82.9781 -1.9226
82.7866 -1.91887
82.5954 -1.91516
82.4047 -1.91145
82.2142 -1.90776
82.0242 -1.90406
81.8345 -1.90038
81.6452 -1.8967
81.4563 -1.89303
81.2677 -1.88936
81.0795 -1.88571
80.8917 -1.88206
80.7042 -1.87841
80.5171 -1.87478
80.3303 -1.87115
80.144 -1.86752
79.9579 -1.86391
79.7723 -1.8603
79.5869 -1.8567
79.402 -1.8531
79.2174 -1.84951
79.0332 -1.84593
78.8493 -1.84236
78.6658 -1.83879
78.4826 -1.83523
78.2998 -1.83167
78.1173 -1.82812
77.9352 -1.82458
77.7535 -1.82105
77.5721 -1.81752
77.391 -1.814
77.2103 -1.81049
77.03 -1.80698
76.85 -1.80348
76.6703 -1.79998
76.491 -1.7965
76.3121 -1.79301
76.1335 -1.78954
75.9552 -1.78607
75.7773 -1.78261
75.5997 -1.77916
75.4225 -1.77571
75.2456 -1.77227
75.0691 -1.76883
74.8929 -1.7654
74.717 -1.76198
74.5415 -1.75857
74.3663 -1.75516
74.1915 -1.75176
74.017 -1.74836
73.8428 -1.74497
73.669 -1.74159
73.4955 -1.73821
73.3224 -1.73484
73.1496 -1.73148
72.9771 -1.72812
72.8049 -1.72477
72.6331 -1.72142
72.4617 -1.71809
72.2905 -1.71475
72.1197 -1.71143
71.9492 -1.70811
71.7791 -1.7048
71.6093 -1.70149
71.4398 -1.69819
71.2706 -1.6949
71.1018 -1.69161
70.9333 -1.68833
70.7651 -1.68505
70.5972 -1.68178
70.4297 -1.67852
70.2625 -1.67526
70.0956 -1.67201
69.9291 -1.66877
69.7629 -1.66553
69.5969 -1.6623
69.4314 -1.65907
69.2661 -1.65585
69.1012 -1.65264
68.9365 -1.64943
68.7722 -1.64623
68.6082 -1.64303
68.4446 -1.63984
68.2812 -1.63666
68.1182 -1.63348
67.9555 -1.63031
67.7931 -1.62715
67.631 -1.62399
67.4692 -1.62084
67.3078 -1.61769
67.1466 -1.61455
66.9858 -1.61141
66.8253 -1.60828
66.6651 -1.60516
66.5052 -1.60204
66.3456 -1.59893
66.1863 -1.59583
66.0274 -1.59273
65.8687 -1.58963
65.7104 -1.58655
65.5523 -1.58346
65.3946 -1.58039
65.2372 -1.57732
65.0801 -1.57425
64.9232 -1.5712
64.7667 -1.56814
64.6105 -1.5651
64.4546 -1.56205
64.299 -1.55902
64.1437 -1.55599
63.9887 -1.55297
63.834 -1.54995
63.6796 -1.54694
63.5256 -1.54393
63.3718 -1.54093
63.2183 -1.53793
63.0651 -1.53494
62.9122 -1.53196
62.7596 -1.52898
62.6073 -1.52601
62.4553 -1.52304
62.3035 -1.52008
62.1521 -1.51713
62.001 -1.51418
61.8502 -1.51123
61.6996 -1.50829
61.5494 -1.50536
61.3994 -1.50243
61.2498 -1.49951
61.1004 -1.4966
60.9513 -1.49368
60.8026 -1.49078
60.6541 -1.48788
60.5058 -1.48498
60.3579 -1.4821
60.2103 -1.47921
60.0629 -1.47634
59.9159 -1.47346
59.7691 -1.4706
59.6226 -1.46773
59.4764 -1.46488
59.3305 -1.46203
59.1849 -1.45918
59.0395 -1.45634
58.8944 -1.45351
58.7497 -1.45068
58.6052 -1.44786
58.4609 -1.44504
58.317 -1.44223
58.1733 -1.43942
58.0299 -1.43662
57.8868 -1.43382
57.744 -1.43103
57.6015 -1.42824
57.4592 -1.42546
57.3172 -1.42269
57.1755 -1.41991
57.0341 -1.41715
56.8929 -1.41439
56.752 -1.41164
56.6114 -1.40889
56.4711 -1.40614
56.331 -1.4034
56.1912 -1.40067
56.0517 -1.39794
55.9124 -1.39522
55.7734 -1.3925
55.6347 -1.38979
55.4963 -1.38708
55.3581 -1.38438
55.2202 -1.38168
55.0826 -1.37899
54.9452 -1.3763
54.8081 -1.37362
54.6713 -1.37094
54.5348 -1.36827
54.3985 -1.3656
54.2624 -1.36294
54.1267 -1.36028
53.9912 -1.35763
53.8559 -1.35499
53.721 -1.35234
53.5863 -1.34971
53.4518 -1.34708
53.3176 -1.34445
53.1837 -1.34183
53.0501 -1.33921
52.9167 -1.3366
52.7835 -1.33399
52.6506 -1.33139
52.518 -1.32879
52.3857 -1.3262
52.2535 -1.32362
52.1217 -1.32103
51.9901 -1.31846
51.8588 -1.31589
51.7277 -1.31332
51.5969 -1.31076
51.4663 -1.3082
51.336 -1.30565
51.206 -1.3031
51.0762 -1.30055
50.9466 -1.29802
50.8173 -1.29548
50.6883 -1.29296
50.5595 -1.29043
50.4309 -1.28791
50.3026 -1.2854
50.1746 -1.28289
50.0468 -1.28039
49.9193 -1.27789
49.792 -1.27539
49.665 -1.2729
49.5382 -1.27041
49.4116 -1.26793
49.2853 -1.26546
49.1593 -1.26299
49.0335 -1.26052
48.9079 -1.25806
48.7826 -1.2556
48.6575 -1.25315
48.5327 -1.2507
48.4081 -1.24826
48.2838 -1.24582
48.1597 -1.24338
48.0358 -1.24096
47.9122 -1.23853
47.7888 -1.23611
47.6657 -1.2337
47.5428 -1.23128
47.4202 -1.22888
47.2978 -1.22648
47.1756 -1.22408
47.0537 -1.22169
46.932 -1.2193
46.8105 -1.21691
46.6893 -1.21454
46.5683 -1.21216
46.4476 -1.20979
46.3271 -1.20743
46.2068 -1.20507
46.0868 -1.20271
45.967 -1.20036
45.8474 -1.19801
45.7281 -1.19567
45.609 -1.19333
45.4901 -1.19099
45.3715 -1.18866
45.2531 -1.18634
45.1349 -1.18402
45.017 -1.1817
44.8993 -1.17939
44.7818 -1.17708
44.6645 -1.17478
44.5475 -1.17248
44.4307 -1.17019
44.3142 -1.1679
44.1978 -1.16561
44.0817 -1.16333
43.9658 -1.16105
43.8502 -1.15878
43.7348 -1.15651
43.6196 -1.15425
43.5046 -1.15199
43.3898 -1.14973
43.2753 -1.14748
43.161 -1.14523
43.0469 -1.14299
42.9331 -1.14075
42.8195 -1.13852
42.7061 -1.13629
42.5929 -1.13406
42.4799 -1.13184
42.3672 -1.12962
42.2547 -1.12741
42.1424 -1.1252
42.0303 -1.123
41.9184 -1.1208
41.8068 -1.1186
41.6953 -1.11641
41.5841 -1.11422
41.4732 -1.11204
41.3624 -1.10986
41.2518 -1.10768
41.1415 -1.10551
41.0314 -1.10334
40.9215 -1.10118
40.8118 -1.09902
40.7023 -1.09687
40.5931 -1.09472
40.484 -1.09257
40.3752 -1.09043
40.2666 -1.08829
40.1582 -1.08616
40.05 -1.08403
39.942 -1.0819
39.8342 -1.07978
39.7267 -1.07766
39.6193 -1.07555
39.5122 -1.07344
39.4053 -1.07133
39.2986 -1.06923
39.1921 -1.06713
39.0858 -1.06504
38.9797 -1.06295
38.8738 -1.06086
38.7681 -1.05878
38.6627 -1.0567
38.5574 -1.05462
38.4524 -1.05255
38.3475 -1.05049
38.2429 -1.04843
38.1385 -1.04637
38.0342 -1.04431
37.9302 -1.04226
37.8264 -1.04022
37.7228 -1.03817
37.6194 -1.03613
37.5162 -1.0341
37.4132 -1.03207
37.3104 -1.03004
37.2078 -1.02802
37.1054 -1.026
37.0032 -1.02398
36.9012 -1.02197
36.7994 -1.01996
36.6978 -1.01796
36.5964 -1.01596
36.4952 -1.01396
36.3942 -1.01197
36.2934 -1.00998
36.1928 -1.00799
36.0924 -1.00601
35.9922 -1.00403
35.8922 -1.00206
35.7924 -1.00009
35.6928 -0.998123
35.5933 -0.99616
35.4941 -0.994201
35.3951 -0.992246
35.2962 -0.990294
35.1976 -0.988346
35.0992 -0.986402
35.0009 -0.984462
34.9028 -0.982525
34.805 -0.980592
34.7073 -0.978663
34.6098 -0.976737
34.5125 -0.974815
34.4154 -0.972896
34.3185 -0.970982
34.2218 -0.969071
34.1253 -0.967163
34.0289 -0.965259
33.9328 -0.963359
33.8368 -0.961463
33.7411 -0.95957
33.6455 -0.95768
33.5501 -0.955795
33.4549 -0.953912
33.3599 -0.952034
33.2651 -0.950159
33.1704 -0.948287
33.076 -0.946419
32.9817 -0.944555
32.8876 -0.942694
32.7937 -0.940837
32.7 -0.938983
32.6065 -0.937133
32.5131 -0.935287
32.42 -0.933443
32.327 -0.931604
32.2342 -0.929768
32.1416 -0.927935
32.0492 -0.926106
31.9569 -0.92428
31.8648 -0.922458
31.773 -0.920639
31.6813 -0.918824
31.5897 -0.917012
31.4984 -0.915204
31.4072 -0.913399
31.3163 -0.911597
31.2255 -0.909799
31.1348 -0.908005
31.0444 -0.906214
30.9541 -0.904426
30.864 -0.902641
30.7741 -0.90086
30.6844 -0.899083
30.5949 -0.897308
30.5055 -0.895538
30.4163 -0.89377
30.3273 -0.892006
30.2384 -0.890245
30.1497 -0.888488
30.0612 -0.886734
29.9729 -0.884983
29.8848 -0.883236
29.7968 -0.881492
29.709 -0.879751
29.6214 -0.878013
29.5339 -0.876279
29.4466 -0.874548
29.3595 -0.872821
29.2726 -0.871097
29.1858 -0.869376
29.0992 -0.867658
29.0128 -0.865944
28.9265 -0.864233
28.8405 -0.862525
28.7545 -0.86082
28.6688 -0.859119
28.5832 -0.85742
28.4978 -0.855726
28.4126 -0.854034
28.3275 -0.852345
28.2426 -0.85066
28.1579 -0.848978
28.0733 -0.847299
27.9889 -0.845624
27.9047 -0.843951
27.8206 -0.842282
27.7368 -0.840616
27.653 -0.838953
27.5695 -0.837293
27.4861 -0.835636
27.4028 -0.833983
27.3198 -0.832333
27.2369 -0.830685
27.1541 -0.829041
27.0715 -0.827401
26.9891 -0.825763
26.9069 -0.824128
26.8248 -0.822497
26.7429 -0.820868
26.6611 -0.819243
26.5795 -0.817621
26.4981 -0.816001
26.4168 -0.814385
26.3357 -0.812772
26.2547 -0.811162
26.1739 -0.809556
26.0933 -0.807952
26.0128 -0.806351
25.9325 -0.804753
25.8523 -0.803159
25.7723 -0.801567
25.6925 -0.799979
25.6128 -0.798393
25.5333 -0.79681
25.4539 -0.795231
25.3747 -0.793654
25.2957 -0.792081
25.2168 -0.79051
25.138 -0.788943
25.0595 -0.787378
24.981 -0.785817
24.9028 -0.784258
24.8246 -0.782703
24.7467 -0.78115
24.6689 -0.7796
24.5912 -0.778053
24.5137 -0.77651
24.4364 -0.774969
24.3592 -0.773431
24.2822 -0.771896
24.2053 -0.770364
24.1285 -0.768835
24.052 -0.767308
23.9755 -0.765785
23.8993 -0.764265
23.8231 -0.762747
23.7472 -0.761232
23.6714 -0.759721
23.5957 -0.758212
23.5202 -0.756706
23.4448 -0.755203
23.3696 -0.753702
23.2945 -0.752205
23.2196 -0.75071
23.1448 -0.749219
23.0702 -0.74773
22.9957 -0.746244
22.9214 -0.74476
22.8472 -0.74328
22.7732 -0.741802
22.6993 -0.740328
22.6255 -0.738856
22.5519 -0.737387
22.4785 -0.73592
22.4052 -0.734457
22.332 -0.732996
22.259 -0.731538
22.1862 -0.730083
22.1135 -0.72863
22.0409 -0.727181
21.9685 -0.725734
21.8962 -0.724289
21.824 -0.722848
21.752 -0.721409
21.6802 -0.719973
21.6085 -0.71854
21.5369 -0.71711
21.4655 -0.715682
21.3942 -0.714257
21.3231 -0.712835
21.2521 -0.711415
21.1812 -0.709998
21.1105 -0.708584
21.0399 -0.707173
20.9695 -0.705764
20.8992 -0.704358
20.829 -0.702954
20.759 -0.701553
20.6891 -0.700155
20.6194 -0.69876
20.5498 -0.697367
20.4803 -0.695977
20.411 -0.69459
20.3418 -0.693205
20.2728 -0.691823
20.2039 -0.690443
20.1351 -0.689066
20.0665 -0.687692
19.998 -0.68632
19.9296 -0.684951
19.8614 -0.683585
19.7933 -0.682221
19.7254 -0.680859
19.6575 -0.679501
19.5899 -0.678145
19.5223 -0.676791
19.4549 -0.67544
19.3876 -0.674092
19.3205 -0.672746
19.2535 -0.671403
19.1866 -0.670062
19.1199 -0.668724
19.0533 -0.667389
18.9868 -0.666056
18.9205 -0.664725
18.8543 -0.663397
18.7882 -0.662072
18.7222 -0.660749
18.6564 -0.659428
18.5907 -0.658111
18.5252 -0.656795
18.4598 -0.655483
18.3945 -0.654172
18.3293 -0.652864
18.2643 -0.651559
18.1994 -0.650256
18.1347 -0.648956
18.07 -0.647658
18.0055 -0.646363
17.9411 -0.64507
17.8769 -0.643779
17.8128 -0.642491
17.7488 -0.641205
17.6849 -0.639922
17.6212 -0.638642
17.5576 -0.637363
17.4941 -0.636088
17.4307 -0.634814
17.3675 -0.633543
17.3044 -0.632275
17.2414 -0.631009
17.1786 -0.629745
17.1159 -0.628484
17.0533 -0.627225
16.9908 -0.625968
16.9284 -0.624714
16.8662 -0.623463
16.8041 -0.622213
16.7421 -0.620966
16.6803 -0.619722
16.6186 -0.61848
16.557 -0.61724
16.4955 -0.616002
16.4341 -0.614767
16.3729 -0.613535
16.3118 -0.612304
16.2508 -0.611076
16.19 -0.609851
16.1292 -0.608627
16.0686 -0.607406
16.0081 -0.606187
15.9477 -0.604971
15.8875 -0.603757
15.8273 -0.602545
15.7673 -0.601336
15.7074 -0.600129
15.6477 -0.598924
15.588 -0.597721
15.5285 -0.596521
15.4691 -0.595323
15.4098 -0.594127
15.3506 -0.592934
15.2915 -0.591743
15.2326 -0.590554
15.1738 -0.589368
15.1151 -0.588183
15.0565 -0.587001
14.998 -0.585821
14.9397 -0.584644
14.8815 -0.583469
14.8234 -0.582295
14.7654 -0.581125
14.7075 -0.579956
14.6497 -0.57879
14.5921 -0.577625
14.5345 -0.576464
14.4771 -0.575304
14.4198 -0.574146
14.3626 -0.572991
14.3056 -0.571838
14.2486 -0.570687
14.1918 -0.569538
14.1351 -0.568392
14.0784 -0.567247
14.0219 -0.566105
13.9656 -0.564965
13.9093 -0.563828
13.8531 -0.562692
13.7971 -0.561558
13.7412 -0.560427
13.6853 -0.559298
13.6296 -0.558171
13.5741 -0.557046
13.5186 -0.555924
13.4632 -0.554803
13.4079 -0.553685
13.3528 -0.552568
13.2978 -0.551454
13.2428 -0.550342
13.188 -0.549232
13.1333 -0.548124
13.0787 -0.547019
13.0243 -0.545915
12.9699 -0.544814
12.9156 -0.543714
12.8615 -0.542617
12.8074 -0.541522
12.7535 -0.540429
12.6997 -0.539338
12.646 -0.538249
12.5923 -0.537162
12.5388 -0.536077
12.4855 -0.534994
12.4322 -0.533914
12.379 -0.532835
12.3259 -0.531759
12.273 -0.530684
12.2201 -0.529612
12.1674 -0.528541
12.1147 -0.527473
12.0622 -0.526407
12.0098 -0.525342
11.9574 -0.52428
11.9052 -0.52322
11.8531 -0.522162
11.8011 -0.521106
11.7492 -0.520051
11.6974 -0.518999
11.6457 -0.517949
11.5941 -0.516901
11.5427 -0.515855
11.4913 -0.514811
11.44 -0.513769
11.3888 -0.512728
11.3378 -0.51169
11.2868 -0.510654
11.236 -0.50962
11.1852 -0.508588
11.1345 -0.507557
11.084 -0.506529
11.0335 -0.505503
10.9832 -0.504478
10.933 -0.503456
10.8828 -0.502435
10.8328 -0.501417
10.7828 -0.5004
10.733 -0.499385
10.6833 -0.498373
10.6336 -0.497362
10.5841 -0.496353
10.5347 -0.495346
10.4853 -0.494341
10.4361 -0.493338
10.387 -0.492337
10.3379 -0.491338
10.289 -0.49034
10.2402 -0.489345
10.1914 -0.488351
10.1428 -0.487359
10.0942 -0.48637
10.0458 -0.485382
9.99746 -0.484396
9.94922 -0.483412
9.90107 -0.482429
9.85303 -0.481449
9.80508 -0.48047
9.75722 -0.479494
9.70947 -0.478519
9.66181 -0.477546
9.61425 -0.476575
9.56679 -0.475606
9.51942 -0.474639
9.47215 -0.473673
9.42497 -0.472709
9.3779 -0.471748
9.33091 -0.470788
9.28403 -0.469829
9.23723 -0.468873
9.19054 -0.467918
9.14394 -0.466966
9.09743 -0.466015
9.05102 -0.465066
9.0047 -0.464119
8.95848 -0.463173
8.91235 -0.46223
8.86631 -0.461288
8.82037 -0.460348
8.77452 -0.459409
8.72877 -0.458473
8.68311 -0.457538
8.63754 -0.456605
8.59207 -0.455674
8.54669 -0.454745
8.5014 -0.453817
8.4562 -0.452892
8.4111 -0.451968
8.36608 -0.451045
8.32116 -0.450125
8.27633 -0.449206
8.2316 -0.448289
8.18695 -0.447374
8.1424 -0.44646
8.09793 -0.445549
8.05356 -0.444639
8.00928 -0.443731
7.96508 -0.442824
7.92098 -0.441919
7.87697 -0.441016
7.83305 -0.440115
7.78922 -0.439215
7.74548 -0.438317
7.70182 -0.437421
7.65826 -0.436527
7.61479 -0.435634
7.5714 -0.434743
7.5281 -0.433853
7.4849 -0.432966
7.44178 -0.43208
7.39875 -0.431195
7.3558 -0.430313
7.31295 -0.429432
7.27018 -0.428553
7.2275 -0.427675
7.18491 -0.426799
7.1424 -0.425925
7.09998 -0.425052
7.05765 -0.424182
7.01541 -0.423312
6.97325 -0.422445
6.93118 -0.421579
6.88919 -0.420715
6.84729 -0.419852
6.80548 -0.418991
6.76375 -0.418132
6.72211 -0.417274
6.68056 -0.416418
6.63908 -0.415564
6.5977 -0.414711
6.5564 -0.41386
6.51518 -0.41301
6.47405 -0.412163
6.433 -0.411316
6.39204 -0.410472
6.35116 -0.409629
6.31037 -0.408787
6.26965 -0.407947
6.22903 -0.407109
6.18848 -0.406273
6.14802 -0.405438
6.10765 -0.404604
6.06735 -0.403772
6.02714 -0.402942
5.98701 -0.402113
5.94697 -0.401286
5.907 -0.400461
5.86712 -0.399637
5.82732 -0.398815
5.7876 -0.397994
5.74797 -0.397175
5.70841 -0.396357
5.66894 -0.395541
5.62955 -0.394726
5.59024 -0.393913
5.55101 -0.393102
5.51186 -0.392292
5.47279 -0.391484
5.43381 -0.390677
5.3949 -0.389872
5.35607 -0.389068
5.31733 -0.388266
5.27866 -0.387465
5.24007 -0.386666
5.20157 -0.385869
5.16314 -0.385073
5.12479 -0.384278
5.08652 -0.383485
5.04833 -0.382694
5.01022 -0.381904
4.97219 -0.381115
4.93423 -0.380328
4.89636 -0.379543
4.85856 -0.378759
4.82084 -0.377976
4.7832 -0.377195
4.74563 -0.376416
4.70815 -0.375638
4.67074 -0.374861
4.63341 -0.374086
4.59615 -0.373313
4.55898 -0.372541
4.52188 -0.37177
4.48485 -0.371001
4.44791 -0.370233
4.41104 -0.369467
4.37424 -0.368703
4.33752 -0.367939
4.30088 -0.367178
4.26432 -0.366417
4.22783 -0.365658
4.19141 -0.364901
4.15507 -0.364145
4.11881 -0.36339
4.08262 -0.362637
4.04651 -0.361886
4.01047 -0.361135
3.9745 -0.360387
3.93862 -0.359639
3.9028 -0.358893
3.86706 -0.358149
3.83139 -0.357406
3.7958 -0.356664
3.76028 -0.355924
3.72484 -0.355185
3.68947 -0.354448
3.65417 -0.353712
3.61894 -0.352977
3.58379 -0.352244
3.54872 -0.351512
3.51371 -0.350782
3.47878 -0.350053
3.44392 -0.349325
3.40913 -0.348599
3.37442 -0.347874
3.33977 -0.347151
3.3052 -0.346428
3.2707 -0.345708
3.23628 -0.344988
3.20192 -0.344271
3.16764 -0.343554
3.13342 -0.342839
3.09928 -0.342125
3.06521 -0.341413
3.03121 -0.340701
2.99729 -0.339992
2.96343 -0.339283
2.92964 -0.338576
2.89592 -0.337871
2.86228 -0.337166
2.8287 -0.336463
2.7952 -0.335762
2.76176 -0.335061
2.72839 -0.334362
2.6951 -0.333665
2.66187 -0.332969
2.62871 -0.332274
2.59562 -0.33158
2.5626 -0.330888
2.52965 -0.330197
2.49677 -0.329507
2.46396 -0.328819
2.43121 -0.328132
2.39854 -0.327446
2.36593 -0.326762
2.33339 -0.326079
2.30092 -0.325397
2.26851 -0.324716
2.23618 -0.324037
2.20391 -0.323359
2.17171 -0.322683
2.13957 -0.322007
2.10751 -0.321333
2.07551 -0.320661
2.04358 -0.319989
2.01171 -0.319319
1.97991 -0.31865
1.94818 -0.317983
1.91652 -0.317317
1.88492 -0.316652
1.85339 -0.315988
1.82192 -0.315325
1.79052 -0.314664
1.75918 -0.314004
1.72792 -0.313345
1.69671 -0.312688
1.66557 -0.312032
1.6345 -0.311377
1.6035 -0.310723
1.57255 -0.310071
1.54168 -0.30942
1.51086 -0.30877
1.48012 -0.308121
1.44943 -0.307474
1.41882 -0.306827
1.38826 -0.306183
1.35777 -0.305539
1.32735 -0.304896
1.29699 -0.304255
1.26669 -0.303615
1.23645 -0.302976
1.20628 -0.302339
1.17618 -0.301702
1.14613 -0.301067
1.11615 -0.300433
1.08624 -0.2998
1.05638 -0.299169
1.02659 -0.298539
0.996864 -0.29791
0.967198 -0.297282
0.937595 -0.296655
0.908055 -0.296029
0.878576 -0.295405
0.84916 -0.294782
0.819806 -0.29416
0.790514 -0.293539
0.761284 -0.29292
0.732116 -0.292302
0.703009 -0.291684
0.673964 -0.291068
0.64498 -0.290454
0.616057 -0.28984
0.587195 -0.289228
0.558395 -0.288616
0.529655 -0.288006
0.500976 -0.287397
0.472358 -0.286789
