199998 -3.33147
199997 -3.66462
199997 -3.99776
199997 -4.33091
199996 -4.66406
199995 -4.9972
199995 -5.33035
199994 -5.6635
199994 -5.99665
199993 -6.3298
199992 -6.66294
199992 -6.99609
199991 -7.32924
199990 -7.66239
199989 -7.99554
199988 -8.32868
199987 -8.66183
199986 -8.99498
199986 -9.32813
199985 -9.66128
199983 -9.99443
199982 -10.3276
199981 -10.6607
199980 -10.9939
199979 -11.327
199978 -11.6602
199977 -11.9933
199975 -12.3265
199974 -12.6596
199973 -12.9928
199971 -13.3259
199970 -13.6591
199968 -13.9922
199967 -14.3254
199966 -14.6585
199964 -14.9917
199962 -15.3249
199961 -15.658
199959 -15.9912
199958 -16.3243
199956 -16.6575
199954 -16.9906
199952 -17.3238
199951 -17.6569
199949 -17.9901
199947 -18.3232
199945 -18.6564
199943 -18.9896
199941 -19.3227
199939 -19.6559
199937 -19.989
199935 -20.3222
199933 -20.6553
199931 -20.9885
199929 -21.3217
199926 -21.6548
199924 -21.988
199922 -22.3211
199920 -22.6543
199917 -22.9875
199915 -23.3206
199912 -23.6538
199910 -23.987
199908 -24.3201
199905 -24.6533
199903 -24.9864
199900 -25.3196
199897 -25.6528
199895 -25.9859
199892 -26.3191
199889 -26.6523
199887 -26.9854
199884 -27.3186
199881 -27.6518
199878 -27.9849
199875 -28.3181
199872 -28.6513
199870 -28.9844
199867 -29.3176
199864 -29.6508
199861 -29.984
199857 -30.3171
199854 -30.6503
199851 -30.9835
199848 -31.3167
199845 -31.6498
199842 -31.983
199838 -32.3162
199835 -32.6494
199832 -32.9825
199828 -33.3157
199825 -33.6489
199822 -33.9821
199818 -34.3152
199815 -34.6484
199811 -34.9816
199808 -35.3148
199804 -35.648
199800 -35.9811
199797 -36.3143
199793 -36.6475
199789 -36.9807
199785 -37.3139
199782 -37.6471
199778 -37.9803
199774 -38.3134
199770 -38.6466
199766 -38.9798
199762 -39.313
199758 -39.6462
199754 -39.9794
199750 -40.3126
199746 -40.6458
199742 -40.979
199738 -41.3122
199733 -41.6454
199729 -41.9786
199725 -42.3118
199721 -42.6449
199716 -42.9781
199712 -43.3113
199708 -43.6445
199703 -43.9777
199699 -44.3109
199694 -44.6441
199690 -44.9773
199685 -45.3106
199680 -45.6438
199676 -45.977
199671 -46.3102
199666 -46.6434
199662 -46.9766
199657 -47.3098
199652 -47.643
199647 -47.9762
199642 -48.3094
199638 -48.6426
199633 -48.9758
199628 -49.3091
199623 -49.6423
199618 -49.9755
199613 -50.3087
199608 -50.6419
199602 -50.9751
199597 -51.3084
199592 -51.6416
199587 -51.9748
199582 -52.308
199576 -52.6413
199571 -52.9745
199566 -53.3077
199560 -53.6409
199555 -53.9742
199549 -54.3074
199544 -54.6406
199538 -54.9738
199533 -55.3071
199527 -55.6403
199521 -55.9735
199516 -56.3068
199510 -56.64
199504 -56.9733
199499 -57.3065
199493 -57.6397
199487 -57.973
199481 -58.3062
199475 -58.6395
199469 -58.9727
199463 -59.3059
199457 -59.6392
199451 -59.9724
199445 -60.3057
199439 -60.6389
199433 -60.9722
199427 -61.3054
199421 -61.6387
199414 -61.9719
199408 -62.3052
199402 -62.6384
199395 -62.9717
199389 -63.305
199383 -63.6382
199376 -63.9715
199370 -64.3047
199363 -64.638
199357 -64.9713
199350 -65.3045
199344 -65.6378
199337 -65.9711
199330 -66.3043
199324 -66.6376
199317 -66.9709
199310 -67.3041
199303 -67.6374
199297 -67.9707
199290 -68.304
199283 -68.6373
199276 -68.9705
199269 -69.3038
199262 -69.6371
199255 -69.9704
199248 -70.3037
199241 -70.6369
199234 -70.9702
199226 -71.3035
199219 -71.6368
199212 -71.9701
199205 -72.3034
199197 -72.6367
199190 -72.97
199183 -73.3033
199175 -73.6366
199168 -73.9699
199160 -74.3032
199153 -74.6365
199145 -74.9698
199138 -75.3031
199130 -75.6364
199123 -75.9697
199115 -76.303
199107 -76.6363
199099 -76.9696
199092 -77.3029
199084 -77.6362
199076 -77.9696
199068 -78.3029
199060 -78.6362
199052 -78.9695
199044 -79.3028
199036 -79.6362
199028 -79.9695
199020 -80.3028
199012 -80.6361
199004 -80.9695
198996 -81.3028
198988 -81.6361
198980 -81.9695
198971 -82.3028
198963 -82.6361
198955 -82.9695
198946 -83.3028
198938 -83.6362
198929 -83.9695
198921 -84.3028
198912 -84.6362
198904 -84.9695
198895 -85.3029
198887 -85.6362
198878 -85.9696
198870 -86.3029
198861 -86.6363
198852 -86.9697
198843 -87.303
198835 -87.6364
198826 -87.9697
198817 -88.3031
198808 -88.6365
198799 -88.9698
198790 -89.3032
198781 -89.6366
198772 -89.9699
198763 -90.3033
198754 -90.6367
198745 -90.9701
198736 -91.3034
198726 -91.6368
198717 -91.9702
198708 -92.3036
198699 -92.637
198689 -92.9704
198680 -93.3037
198670 -93.6371
198661 -93.9705
198652 -94.3039
198642 -94.6373
198633 -94.9707
198623 -95.3041
198613 -95.6375
198604 -95.9709
198594 -96.3043
198584 -96.6377
198575 -96.9711
198565 -97.3045
198555 -97.638
198545 -97.9714
198535 -98.3048
198526 -98.6382
198516 -98.9716
198506 -99.305
198496 -99.6385
198486 -99.9719
198476 -100.305
198465 -100.639
198455 -100.972
198445 -101.306
198435 -101.639
198425 -101.972
198414 -102.306
198404 -102.639
198394 -102.973
198383 -103.306
198373 -103.64
198363 -103.973
198352 -104.307
198342 -104.64
198331 -104.973
198321 -105.307
198310 -105.64
198299 -105.974
198289 -106.307
198278 -106.641
198267 -106.974
198256 -107.308
198246 -107.641
198235 -107.975
198224 -108.308
198213 -108.642
198202 -108.975
198191 -109.309
198180 -109.642
198169 -109.976
198158 -110.309
198147 -110.642
198136 -110.976
198125 -111.309
198114 -111.643
198102 -111.976
198091 -112.31
198080 -112.643
198068 -112.977
198057 -113.31
198046 -113.644
198034 -113.977
198023 -114.311
198011 -114.645
198000 -114.978
197988 -115.312
197977 -115.645
197965 -115.979
197953 -116.312
197942 -116.646
197930 -116.979
197918 -117.313
197906 -117.646
197894 -117.98
197883 -118.313
197871 -118.647
197859 -118.98
197847 -119.314
197835 -119.647
197823 -119.981
197811 -120.315
197799 -120.648
197786 -120.982
197774 -121.315
197762 -121.649
197750 -121.982
197738 -122.316
197725 -122.649
197713 -122.983
197701 -123.317
197688 -123.65
197676 -123.984
197663 -124.317
197651 -124.651
197638 -124.984
197626 -125.318
197613 -125.652
197600 -125.985
197588 -126.319
197575 -126.652
197562 -126.986
197550 -127.32
197537 -127.653
197524 -127.987
197511 -128.32
197498 -128.654
197485 -128.988
197472 -129.321
197459 -129.655
197446 -129.988
197433 -130.322
197420 -130.656
197407 -130.989
197394 -131.323
197381 -131.657
197367 -131.99
197354 -132.324
197341 -132.658
197327 -132.991
197314 -133.325
197301 -133.658
197287 -133.992
197274 -134.326
197260 -134.659
197247 -134.993
197233 -135.327
197220 -135.66
197206 -135.994
197192 -136.328
197179 -136.661
197165 -136.995
197151 -137.329
197137 -137.662
197124 -137.996
197110 -138.33
197096 -138.663
197082 -138.997
197068 -139.331
197054 -139.664
197040 -139.998
197026 -140.332
197012 -140.666
196998 -140.999
196983 -141.333
196969 -141.667
196955 -142
196941 -142.334
196926 -142.668
196912 -143.001
196898 -143.335
196883 -143.669
196869 -144.003
196854 -144.336
196840 -144.67
196825 -145.004
196811 -145.338
196796 -145.671
196782 -146.005
196767 -146.339
196752 -146.673
196737 -147.006
196723 -147.34
196708 -147.674
196693 -148.008
196678 -148.341
196663 -148.675
196648 -149.009
196633 -149.343
196618 -149.676
196603 -150.01
196588 -150.344
196573 -150.678
196558 -151.011
196543 -151.345
196528 -151.679
196512 -152.013
196497 -152.347
196482 -152.68
196466 -153.014
196451 -153.348
196436 -153.682
196420 -154.016
196405 -154.349
196389 -154.683
196374 -155.017
196358 -155.351
196343 -155.685
196327 -156.019
196311 -156.352
196296 -156.686
196280 -157.02
196264 -157.354
196248 -157.688
196232 -158.022
196217 -158.355
196201 -158.689
196185 -159.023
196169 -159.357
196153 -159.691
196137 -160.025
196121 -160.359
196105 -160.692
196088 -161.026
196072 -161.36
196056 -161.694
196040 -162.028
196024 -162.362
196007 -162.696
195991 -163.03
195975 -163.363
195958 -163.697
195942 -164.031
195925 -164.365
195909 -164.699
195892 -165.033
195876 -165.367
195859 -165.701
195842 -166.035
195826 -166.369
195809 -166.702
195792 -167.036
195776 -167.37
195759 -167.704
195742 -168.038
195725 -168.372
195708 -168.706
195691 -169.04
195674 -169.374
195657 -169.708
195640 -170.042
195623 -170.376
195606 -170.71
195589 -171.044
195572 -171.378
195554 -171.712
195537 -172.046
195520 -172.38
195503 -172.714
195485 -173.048
195468 -173.382
195451 -173.716
195433 -174.05
195416 -174.384
195398 -174.718
195381 -175.052
195363 -175.386
195345 -175.72
195328 -176.054
195310 -176.388
195292 -176.722
195275 -177.056
195257 -177.39
195239 -177.724
195221 -178.058
195203 -178.392
195185 -178.726
195168 -179.06
195150 -179.394
195132 -179.728
195113 -180.062
195095 -180.396
195077 -180.73
195059 -181.064
195041 -181.398
195023 -181.732
195005 -182.066
194986 -182.4
194968 -182.734
194950 -183.069
194931 -183.403
194913 -183.737
194894 -184.071
194876 -184.405
194857 -184.739
194839 -185.073
194820 -185.407
194802 -185.741
194783 -186.075
194764 -186.41
194746 -186.744
194727 -187.078
194708 -187.412
194689 -187.746
194671 -188.08
194652 -188.414
194633 -188.748
194614 -189.083
194595 -189.417
194576 -189.751
194557 -190.085
194538 -190.419
194519 -190.753
194499 -191.088
194480 -191.422
194461 -191.756
194442 -192.09
194423 -192.424
194403 -192.758
194384 -193.093
194365 -193.427
194345 -193.761
194326 -194.095
194306 -194.429
194287 -194.764
194267 -195.098
194248 -195.432
194228 -195.766
194208 -196.1
194189 -196.435
194169 -196.769
194149 -197.103
194129 -197.437
194110 -197.772
194090 -198.106
194070 -198.44
194050 -198.774
194030 -199.109
194010 -199.443
193990 -199.777
193970 -200.111
193950 -200.446
193930 -200.78
193910 -201.114
193889 -201.448
193869 -201.783
193849 -202.117
193829 -202.451
193808 -202.786
193788 -203.12
193768 -203.454
193747 -203.788
193727 -204.123
193706 -204.457
193686 -204.791
193665 -205.126
193645 -205.46
193624 -205.794
193603 -206.129
193583 -206.463
193562 -206.797
193541 -207.132
193521 -207.466
193500 -207.8
193479 -208.135
193458 -208.469
193437 -208.803
193416 -209.138
193395 -209.472
193374 -209.807
193353 -210.141
193332 -210.475
193311 -210.81
193290 -211.144
193269 -211.478
193247 -211.813
193226 -212.147
193205 -212.482
193183 -212.816
193162 -213.151
193141 -213.485
193119 -213.819
193098 -214.154
193076 -214.488
193055 -214.823
193033 -215.157
193012 -215.492
192990 -215.826
192969 -216.16
192947 -216.495
192925 -216.829
192903 -217.164
192882 -217.498
192860 -217.833
192838 -218.167
192816 -218.502
192794 -218.836
192772 -219.171
192750 -219.505
192728 -219.84
192706 -220.174
192684 -220.509
192662 -220.843
192640 -221.178
192618 -221.512
192595 -221.847
192573 -222.181
192551 -222.516
192528 -222.85
192506 -223.185
192484 -223.519
192461 -223.854
192439 -224.188
192416 -224.523
192394 -224.858
192371 -225.192
192349 -225.527
192326 -225.861
192303 -226.196
192281 -226.53
192258 -226.865
192235 -227.2
192213 -227.534
192190 -227.869
192167 -228.203
192144 -228.538
192121 -228.873
192098 -229.207
192075 -229.542
192052 -229.876
192029 -230.211
192006 -230.546
191983 -230.88
191960 -231.215
191936 -231.55
191913 -231.884
191890 -232.219
191867 -232.553
191843 -232.888
191820 -233.223
191797 -233.557
191773 -233.892
191750 -234.227
191726 -234.562
191703 -234.896
191679 -235.231
191656 -235.566
191632 -235.9
191608 -236.235
191585 -236.57
191561 -236.904
191537 -237.239
191513 -237.574
191490 -237.909
191466 -238.243
191442 -238.578
191418 -238.913
191394 -239.247
191370 -239.582
191346 -239.917
191322 -240.252
191298 -240.587
191274 -240.921
191249 -241.256
191225 -241.591
191201 -241.926
191177 -242.26
191152 -242.595
191128 -242.93
191104 -243.265
191079 -243.6
191055 -243.934
191031 -244.269
191006 -244.604
190981 -244.939
190957 -245.274
190932 -245.608
190908 -245.943
190883 -246.278
190858 -246.613
190834 -246.948
190809 -247.283
190784 -247.618
190759 -247.952
190734 -248.287
190709 -248.622
190685 -248.957
190660 -249.292
190635 -249.627
190610 -249.962
190584 -250.297
190559 -250.631
190534 -250.966
190509 -251.301
190484 -251.636
190459 -251.971
190433 -252.306
190408 -252.641
190383 -252.976
190357 -253.311
190332 -253.646
190307 -253.981
190281 -254.316
190256 -254.651
190230 -254.986
190205 -255.321
190179 -255.655
190153 -255.99
190128 -256.325
190102 -256.66
190076 -256.995
190050 -257.33
190025 -257.665
189999 -258
189973 -258.335
189947 -258.67
189921 -259.005
189895 -259.34
189869 -259.675
189843 -260.011
189817 -260.346
189791 -260.681
189765 -261.016
189739 -261.351
189712 -261.686
189686 -262.021
189660 -262.356
189634 -262.691
189607 -263.026
189581 -263.361
189555 -263.696
189528 -264.031
189502 -264.366
189475 -264.701
189449 -265.037
189422 -265.372
189395 -265.707
189369 -266.042
189342 -266.377
189315 -266.712
189289 -267.047
189262 -267.382
189235 -267.718
189208 -268.053
189181 -268.388
189154 -268.723
189127 -269.058
189101 -269.393
189074 -269.729
189046 -270.064
189019 -270.399
188992 -270.734
188965 -271.069
188938 -271.405
188911 -271.74
188884 -272.075
188856 -272.41
188829 -272.745
188802 -273.081
188774 -273.416
188747 -273.751
188719 -274.086
188692 -274.422
188664 -274.757
188637 -275.092
188609 -275.427
188582 -275.763
188554 -276.098
188526 -276.433
188499 -276.768
188471 -277.104
188443 -277.439
188415 -277.774
188387 -278.11
188360 -278.445
188332 -278.78
188304 -279.116
188276 -279.451
188248 -279.786
188220 -280.122
188192 -280.457
188163 -280.792
188135 -281.128
188107 -281.463
188079 -281.798
188051 -282.134
188022 -282.469
187994 -282.804
187966 -283.14
187937 -283.475
187909 -283.811
187881 -284.146
187852 -284.481
187824 -284.817
187795 -285.152
187766 -285.488
187738 -285.823
187709 -286.159
187680 -286.494
187652 -286.829
187623 -287.165
187594 -287.5
187565 -287.836
187537 -288.171
187508 -288.507
187479 -288.842
187450 -289.178
187421 -289.513
187392 -289.849
187363 -290.184
187334 -290.52
187305 -290.855
187275 -291.191
187246 -291.526
187217 -291.862
187188 -292.197
187158 -292.533
187129 -292.868
187100 -293.204
187070 -293.539
187041 -293.875
187011 -294.211
186982 -294.546
186952 -294.882
186923 -295.217
186893 -295.553
186864 -295.888
186834 -296.224
186804 -296.56
186775 -296.895
186745 -297.231
186715 -297.566
186685 -297.902
186655 -298.238
186626 -298.573
186596 -298.909
186566 -299.245
186536 -299.58
186506 -299.916
186476 -300.252
186445 -300.587
186415 -300.923
186385 -301.259
186355 -301.594
186325 -301.93
186295 -302.266
186264 -302.601
186234 -302.937
186204 -303.273
186173 -303.609
186143 -303.944
186112 -304.28
186082 -304.616
186051 -304.951
186021 -305.287
185990 -305.623
185959 -305.959
185929 -306.295
185898 -306.63
185867 -306.966
185837 -307.302
185806 -307.638
185775 -307.973
185744 -308.309
185713 -308.645
185682 -308.981
185651 -309.317
185620 -309.652
185589 -309.988
185558 -310.324
185527 -310.66
185496 -310.996
185465 -311.332
185434 -311.668
185402 -312.003
185371 -312.339
185340 -312.675
185308 -313.011
185277 -313.347
185246 -313.683
185214 -314.019
185183 -314.355
185151 -314.691
185120 -315.026
185088 -315.362
185057 -315.698
185025 -316.034
184993 -316.37
184962 -316.706
184930 -317.042
184898 -317.378
184866 -317.714
184834 -318.05
184803 -318.386
184771 -318.722
184739 -319.058
184707 -319.394
184675 -319.73
184643 -320.066
184611 -320.402
184578 -320.738
184546 -321.074
184514 -321.41
184482 -321.746
184450 -322.082
184417 -322.418
184385 -322.754
184353 -323.09
184320 -323.426
184288 -323.762
184256 -324.098
184223 -324.435
184191 -324.771
184158 -325.107
184125 -325.443
184093 -325.779
184060 -326.115
184028 -326.451
183995 -326.787
183962 -327.123
183929 -327.46
183896 -327.796
183864 -328.132
183831 -328.468
183798 -328.804
183765 -329.14
183732 -329.477
183699 -329.813
183666 -330.149
183633 -330.485
183600 -330.821
183566 -331.158
183533 -331.494
183500 -331.83
183467 -332.166
183434 -332.502
183400 -332.839
183367 -333.175
183333 -333.511
183300 -333.847
183267 -334.184
183233 -334.52
183200 -334.856
183166 -335.193
183132 -335.529
183099 -335.865
183065 -336.201
183032 -336.538
182998 -336.874
182964 -337.21
182930 -337.547
182896 -337.883
182863 -338.219
182829 -338.556
182795 -338.892
182761 -339.228
182727 -339.565
182693 -339.901
182659 -340.238
182625 -340.574
182591 -340.91
182556 -341.247
182522 -341.583
182488 -341.92
182454 -342.256
182419 -342.592
182385 -342.929
182351 -343.265
182316 -343.602
182282 -343.938
182247 -344.275
182213 -344.611
182178 -344.948
182144 -345.284
182109 -345.621
182075 -345.957
182040 -346.293
182005 -346.63
181971 -346.967
181936 -347.303
181901 -347.64
181866 -347.976
181831 -348.313
181796 -348.649
181761 -348.986
181726 -349.322
181691 -349.659
181656 -349.995
181621 -350.332
181586 -350.669
181551 -351.005
181516 -351.342
181481 -351.678
181446 -352.015
181410 -352.352
181375 -352.688
181340 -353.025
181304 -353.361
181269 -353.698
181233 -354.035
181198 -354.371
181162 -354.708
181127 -355.045
181091 -355.381
181056 -355.718
181020 -356.055
180984 -356.391
180949 -356.728
180913 -357.065
180877 -357.402
180841 -357.738
180806 -358.075
180770 -358.412
180734 -358.748
180698 -359.085
180662 -359.422
180626 -359.759
180590 -360.096
180554 -360.432
180518 -360.769
180481 -361.106
180445 -361.443
180409 -361.779
180373 -362.116
180337 -362.453
180300 -362.79
180264 -363.127
180228 -363.464
180191 -363.8
180155 -364.137
180118 -364.474
180082 -364.811
180045 -365.148
180009 -365.485
179972 -365.822
179935 -366.159
179899 -366.495
179862 -366.832
179825 -367.169
179788 -367.506
179751 -367.843
179715 -368.18
179678 -368.517
179641 -368.854
179604 -369.191
179567 -369.528
179530 -369.865
179493 -370.202
179456 -370.539
179419 -370.876
179381 -371.213
179344 -371.55
179307 -371.887
179270 -372.224
179233 -372.561
179195 -372.898
179158 -373.235
179120 -373.572
179083 -373.909
179046 -374.246
179008 -374.583
178971 -374.92
178933 -375.257
178895 -375.594
178858 -375.931
178820 -376.269
178782 -376.606
178745 -376.943
178707 -377.28
178669 -377.617
178631 -377.954
178593 -378.291
178556 -378.628
178518 -378.966
178480 -379.303
178442 -379.64
178404 -379.977
178366 -380.314
178327 -380.652
178289 -380.989
178251 -381.326
178213 -381.663
178175 -382
178136 -382.338
178098 -382.675
178060 -383.012
178021 -383.349
177983 -383.687
177945 -384.024
177906 -384.361
177868 -384.698
177829 -385.036
177791 -385.373
177752 -385.71
177713 -386.048
177675 -386.385
177636 -386.722
177597 -387.06
177558 -387.397
177520 -387.734
177481 -388.072
177442 -388.409
177403 -388.746
177364 -389.084
177325 -389.421
177286 -389.759
177247 -390.096
177208 -390.433
177169 -390.771
177130 -391.108
177090 -391.446
177051 -391.783
177012 -392.121
176973 -392.458
176933 -392.795
176894 -393.133
176855 -393.47
176815 -393.808
176776 -394.145
176736 -394.483
176697 -394.82
176657 -395.158
176618 -395.495
176578 -395.833
176538 -396.17
176499 -396.508
176459 -396.846
176419 -397.183
176379 -397.521
176340 -397.858
176300 -398.196
176260 -398.533
176220 -398.871
176180 -399.209
176140 -399.546
176100 -399.884
176060 -400.221
176020 -400.559
175980 -400.897
175940 -401.234
175899 -401.572
175859 -401.91
175819 -402.247
175779 -402.585
175738 -402.923
175698 -403.26
175658 -403.598
175617 -403.936
175577 -404.274
175536 -404.611
175496 -404.949
175455 -405.287
175414 -405.624
175374 -405.962
175333 -406.3
175293 -406.638
175252 -406.976
175211 -407.313
175170 -407.651
175129 -407.989
175089 -408.327
175048 -408.665
175007 -409.002
174966 -409.34
174925 -409.678
174884 -410.016
174843 -410.354
174801 -410.692
174760 -411.029
174719 -411.367
174678 -411.705
174637 -412.043
174595 -412.381
174554 -412.719
174513 -413.057
174471 -413.395
174430 -413.733
174389 -414.071
174347 -414.409
174306 -414.747
174264 -415.085
174223 -415.422
174181 -415.76
174139 -416.098
174098 -416.436
174056 -416.774
174014 -417.112
173972 -417.45
173931 -417.789
173889 -418.127
173847 -418.465
173805 -418.803
173763 -419.141
173721 -419.479
173679 -419.817
173637 -420.155
173595 -420.493
173553 -420.831
173511 -421.169
173468 -421.507
173426 -421.845
173384 -422.184
173342 -422.522
173299 -422.86
173257 -423.198
173215 -423.536
173172 -423.874
173130 -424.213
173087 -424.551
173045 -424.889
173002 -425.227
172960 -425.565
172917 -425.904
172874 -426.242
172832 -426.58
172789 -426.918
172746 -427.257
172703 -427.595
172660 -427.933
172618 -428.271
172575 -428.61
172532 -428.948
172489 -429.286
172446 -429.625
172403 -429.963
172360 -430.301
172317 -430.64
172273 -430.978
172230 -431.316
172187 -431.655
172144 -431.993
172101 -432.331
172057 -432.67
172014 -433.008
171971 -433.346
171927 -433.685
171884 -434.023
171840 -434.362
171797 -434.7
171753 -435.039
171710 -435.377
171666 -435.715
171622 -436.054
171579 -436.392
171535 -436.731
171491 -437.069
171448 -437.408
171404 -437.746
171360 -438.085
171316 -438.423
171272 -438.762
171228 -439.101
171184 -439.439
171140 -439.778
171096 -440.116
171052 -440.455
171008 -440.793
170964 -441.132
170920 -441.471
170875 -441.809
170831 -442.148
170787 -442.486
170743 -442.825
170698 -443.164
170654 -443.502
170609 -443.841
170565 -444.18
170520 -444.518
170476 -444.857
170431 -445.196
170387 -445.534
170342 -445.873
170298 -446.212
170253 -446.551
170208 -446.889
170163 -447.228
170119 -447.567
170074 -447.906
170029 -448.244
169984 -448.583
169939 -448.922
169894 -449.261
169849 -449.599
169804 -449.938
169759 -450.277
169714 -450.616
169669 -450.955
169624 -451.294
169578 -451.632
169533 -451.971
169488 -452.31
169443 -452.649
169397 -452.988
169352 -453.327
169307 -453.666
169261 -454.005
169216 -454.344
169170 -454.683
169125 -455.021
169079 -455.36
169033 -455.699
168988 -456.038
168942 -456.377
168896 -456.716
168851 -457.055
168805 -457.394
168759 -457.733
168713 -458.072
168667 -458.411
168621 -458.75
168576 -459.089
168530 -459.428
168484 -459.768
168437 -460.107
168391 -460.446
168345 -460.785
168299 -461.124
168253 -461.463
168207 -461.802
168160 -462.141
168114 -462.48
168068 -462.82
168022 -463.159
167975 -463.498
167929 -463.837
167882 -464.176
167836 -464.515
167789 -464.855
167743 -465.194
167696 -465.533
167650 -465.872
167603 -466.211
167556 -466.551
167509 -466.89
167463 -467.229
167416 -467.568
167369 -467.908
167322 -468.247
167275 -468.586
167228 -468.926
167181 -469.265
167134 -469.604
167087 -469.944
167040 -470.283
166993 -470.622
166946 -470.962
166899 -471.301
166852 -471.64
166805 -471.98
166757 -472.319
166710 -472.658
166663 -472.998
166615 -473.337
166568 -473.677
166520 -474.016
166473 -474.356
166425 -474.695
166378 -475.035
166330 -475.374
166283 -475.714
166235 -476.053
166187 -476.392
166140 -476.732
166092 -477.072
166044 -477.411
165996 -477.751
165949 -478.09
165901 -478.43
165853 -478.769
165805 -479.109
165757 -479.448
165709 -479.788
165661 -480.128
165613 -480.467
165565 -480.807
165516 -481.146
165468 -481.486
165420 -481.826
165372 -482.165
165324 -482.505
165275 -482.845
165227 -483.184
165178 -483.524
165130 -483.864
165082 -484.204
165033 -484.543
164985 -484.883
164936 -485.223
164887 -485.562
164839 -485.902
164790 -486.242
164741 -486.582
164693 -486.922
164644 -487.261
164595 -487.601
164546 -487.941
164497 -488.281
164449 -488.621
164400 -488.96
164351 -489.3
164302 -489.64
164253 -489.98
164204 -490.32
164154 -490.66
164105 -491
164056 -491.34
164007 -491.68
163958 -492.019
163908 -492.359
163859 -492.699
163810 -493.039
163760 -493.379
163711 -493.719
163662 -494.059
163612 -494.399
163563 -494.739
163513 -495.079
163464 -495.419
163414 -495.759
163364 -496.099
163315 -496.439
163265 -496.779
163215 -497.119
163165 -497.46
163116 -497.8
163066 -498.14
163016 -498.48
162966 -498.82
162916 -499.16
162866 -499.5
162816 -499.84
162766 -500.181
162716 -500.521
162666 -500.861
162616 -501.201
162565 -501.541
162515 -501.881
162465 -502.222
162415 -502.562
162364 -502.902
162314 -503.242
162264 -503.583
162213 -503.923
162163 -504.263
162112 -504.603
162062 -504.944
162011 -505.284
161960 -505.624
161910 -505.965
161859 -506.305
161808 -506.645
161758 -506.986
161707 -507.326
161656 -507.666
161605 -508.007
161554 -508.347
161504 -508.687
161453 -509.028
161402 -509.368
161351 -509.709
161300 -510.049
161249 -510.39
161197 -510.73
161146 -511.071
161095 -511.411
161044 -511.751
160993 -512.092
160941 -512.432
160890 -512.773
160839 -513.114
160787 -513.454
160736 -513.795
160684 -514.135
160633 -514.476
160581 -514.816
160530 -515.157
160478 -515.497
160427 -515.838
160375 -516.179
160323 -516.519
160272 -516.86
160220 -517.201
160168 -517.541
160116 -517.882
160064 -518.223
160013 -518.563
159961 -518.904
159909 -519.245
159857 -519.585
159805 -519.926
159753 -520.267
159700 -520.608
159648 -520.948
159596 -521.289
159544 -521.63
159492 -521.971
159439 -522.311
159387 -522.652
159335 -522.993
159282 -523.334
159230 -523.675
159178 -524.015
159125 -524.356
159073 -524.697
159020 -525.038
158968 -525.379
158915 -525.72
158862 -526.061
158810 -526.402
158757 -526.743
158704 -527.084
158651 -527.424
158599 -527.765
158546 -528.106
158493 -528.447
158440 -528.788
158387 -529.129
158334 -529.47
158281 -529.811
158228 -530.152
158175 -530.493
158122 -530.834
158069 -531.175
158015 -531.517
157962 -531.858
157909 -532.199
157856 -532.54
157802 -532.881
157749 -533.222
157696 -533.563
157642 -533.904
157589 -534.245
157535 -534.587
157482 -534.928
157428 -535.269
157375 -535.61
157321 -535.951
157267 -536.293
157214 -536.634
157160 -536.975
157106 -537.316
157052 -537.657
156998 -537.999
156945 -538.34
156891 -538.681
156837 -539.023
156783 -539.364
156729 -539.705
156675 -540.046
156621 -540.388
156567 -540.729
156512 -541.071
156458 -541.412
156404 -541.753
156350 -542.095
156295 -542.436
156241 -542.777
156187 -543.119
156132 -543.46
156078 -543.802
156024 -544.143
155969 -544.485
155915 -544.826
155860 -545.168
155805 -545.509
155751 -545.851
155696 -546.192
155641 -546.534
155587 -546.875
155532 -547.217
155477 -547.558
155422 -547.9
155368 -548.241
155313 -548.583
155258 -548.925
155203 -549.266
155148 -549.608
155093 -549.949
155038 -550.291
154983 -550.633
154927 -550.974
154872 -551.316
154817 -551.658
154762 -551.999
154707 -552.341
154651 -552.683
154596 -553.024
154541 -553.366
154485 -553.708
154430 -554.05
154374 -554.391
154319 -554.733
154263 -555.075
154208 -555.417
154152 -555.759
154096 -556.1
154041 -556.442
153985 -556.784
153929 -557.126
153873 -557.468
153818 -557.81
153762 -558.152
153706 -558.493
153650 -558.835
153594 -559.177
153538 -559.519
153482 -559.861
153426 -560.203
153370 -560.545
153314 -560.887
153258 -561.229
153201 -561.571
153145 -561.913
153089 -562.255
153033 -562.597
152976 -562.939
152920 -563.281
152864 -563.623
152807 -563.965
152751 -564.307
152694 -564.649
152638 -564.991
152581 -565.334
152524 -565.676
152468 -566.018
152411 -566.36
152354 -566.702
152298 -567.044
152241 -567.386
152184 -567.729
152127 -568.071
152070 -568.413
152013 -568.755
151957 -569.098
151900 -569.44
151843 -569.782
151786 -570.124
151728 -570.467
151671 -570.809
151614 -571.151
151557 -571.493
151500 -571.836
151443 -572.178
151385 -572.52
151328 -572.863
151271 -573.205
151213 -573.548
151156 -573.89
151098 -574.232
151041 -574.575
150983 -574.917
150926 -575.26
150868 -575.602
150810 -575.944
150753 -576.287
150695 -576.629
150637 -576.972
150580 -577.314
150522 -577.657
150464 -577.999
150406 -578.342
150348 -578.684
150290 -579.027
150232 -579.37
150174 -579.712
150116 -580.055
150058 -580.397
150000 -580.74
149942 -581.083
149884 -581.425
149826 -581.768
149767 -582.11
149709 -582.453
149651 -582.796
149592 -583.138
149534 -583.481
149476 -583.824
149417 -584.167
149359 -584.509
149300 -584.852
149242 -585.195
149183 -585.538
149124 -585.88
149066 -586.223
149007 -586.566
148948 -586.909
148890 -587.252
148831 -587.594
148772 -587.937
148713 -588.28
148654 -588.623
148595 -588.966
148536 -589.309
148477 -589.652
148418 -589.995
148359 -590.338
148300 -590.68
148241 -591.023
148182 -591.366
148123 -591.709
148063 -592.052
148004 -592.395
147945 -592.738
147885 -593.081
147826 -593.424
147767 -593.767
147707 -594.11
147648 -594.453
147588 -594.797
147529 -595.14
147469 -595.483
147409 -595.826
147350 -596.169
147290 -596.512
147230 -596.855
147171 -597.198
147111 -597.542
147051 -597.885
146991 -598.228
146931 -598.571
146871 -598.914
146811 -599.258
146751 -599.601
146691 -599.944
146631 -600.287
146571 -600.631
146511 -600.974
146451 -601.317
146391 -601.66
146330 -602.004
146270 -602.347
146210 -602.69
146150 -603.034
146089 -603.377
146029 -603.721
145968 -604.064
145908 -604.407
145847 -604.751
145787 -605.094
145726 -605.438
145666 -605.781
145605 -606.124
145544 -606.468
145484 -606.811
145423 -607.155
145362 -607.498
145301 -607.842
145240 -608.185
145179 -608.529
145119 -608.873
145058 -609.216
144997 -609.56
144936 -609.903
144874 -610.247
144813 -610.59
144752 -610.934
144691 -611.278
144630 -611.621
144569 -611.965
144507 -612.309
144446 -612.652
144385 -612.996
144323 -613.34
144262 -613.683
144201 -614.027
144139 -614.371
144078 -614.715
144016 -615.058
143954 -615.402
143893 -615.746
143831 -616.09
143770 -616.434
143708 -616.777
143646 -617.121
143584 -617.465
143522 -617.809
143461 -618.153
143399 -618.497
143337 -618.841
143275 -619.185
143213 -619.528
143151 -619.872
143089 -620.216
143027 -620.56
142965 -620.904
142902 -621.248
142840 -621.592
142778 -621.936
142716 -622.28
142653 -622.624
142591 -622.968
142529 -623.312
142466 -623.656
142404 -624
142341 -624.345
142279 -624.689
142216 -625.033
142154 -625.377
142091 -625.721
142029 -626.065
141966 -626.409
141903 -626.754
141840 -627.098
141778 -627.442
141715 -627.786
141652 -628.13
141589 -628.475
141526 -628.819
141463 -629.163
141400 -629.507
141337 -629.852
141274 -630.196
141211 -630.54
141148 -630.885
141085 -631.229
141022 -631.573
140958 -631.918
140895 -632.262
140832 -632.606
140769 -632.951
140705 -633.295
140642 -633.64
140578 -633.984
140515 -634.328
140451 -634.673
140388 -635.017
140324 -635.362
140261 -635.706
140197 -636.051
140133 -636.395
140070 -636.74
140006 -637.084
139942 -637.429
139878 -637.773
139814 -638.118
139751 -638.463
139687 -638.807
139623 -639.152
139559 -639.496
139495 -639.841
139431 -640.186
139367 -640.53
139302 -640.875
139238 -641.22
139174 -641.565
139110 -641.909
139046 -642.254
138981 -642.599
138917 -642.943
138853 -643.288
138788 -643.633
138724 -643.978
138659 -644.323
138595 -644.667
138530 -645.012
138466 -645.357
138401 -645.702
138336 -646.047
138272 -646.392
138207 -646.737
138142 -647.081
138078 -647.426
138013 -647.771
137948 -648.116
137883 -648.461
137818 -648.806
137753 -649.151
137688 -649.496
137623 -649.841
137558 -650.186
137493 -650.531
137428 -650.876
137363 -651.221
137298 -651.566
137232 -651.911
137167 -652.256
137102 -652.602
137036 -652.947
136971 -653.292
136906 -653.637
136840 -653.982
136775 -654.327
136709 -654.672
136644 -655.018
136578 -655.363
136513 -655.708
136447 -656.053
136381 -656.398
136316 -656.744
136250 -657.089
136184 -657.434
136118 -657.78
136052 -658.125
135987 -658.47
135921 -658.815
135855 -659.161
135789 -659.506
135723 -659.852
135657 -660.197
135590 -660.542
135524 -660.888
135458 -661.233
135392 -661.579
135326 -661.924
135260 -662.269
135193 -662.615
135127 -662.96
135061 -663.306
134994 -663.651
134928 -663.997
134861 -664.343
134795 -664.688
134728 -665.034
134662 -665.379
134595 -665.725
134528 -666.07
134462 -666.416
134395 -666.762
134328 -667.107
134261 -667.453
134195 -667.799
134128 -668.144
134061 -668.49
133994 -668.836
133927 -669.181
133860 -669.527
133793 -669.873
133726 -670.219
133659 -670.564
133592 -670.91
133525 -671.256
133457 -671.602
133390 -671.948
133323 -672.293
133256 -672.639
133188 -672.985
133121 -673.331
133054 -673.677
132986 -674.023
132919 -674.369
132851 -674.715
132784 -675.06
132716 -675.406
132648 -675.752
132581 -676.098
132513 -676.444
132445 -676.79
132378 -677.136
132310 -677.482
132242 -677.828
132174 -678.174
132106 -678.521
132038 -678.867
131970 -679.213
131902 -679.559
131834 -679.905
131766 -680.251
131698 -680.597
131630 -680.943
131562 -681.29
131494 -681.636
131425 -681.982
131357 -682.328
131289 -682.674
131221 -683.021
131152 -683.367
131084 -683.713
131015 -684.059
130947 -684.406
130878 -684.752
130810 -685.098
130741 -685.445
130673 -685.791
130604 -686.137
130535 -686.484
130467 -686.83
130398 -687.176
130329 -687.523
130260 -687.869
130191 -688.216
130122 -688.562
130054 -688.909
129985 -689.255
129916 -689.602
129847 -689.948
129777 -690.295
129708 -690.641
129639 -690.988
129570 -691.334
129501 -691.681
129432 -692.027
129362 -692.374
129293 -692.721
129224 -693.067
129154 -693.414
129085 -693.76
129016 -694.107
128946 -694.454
128877 -694.8
128807 -695.147
128737 -695.494
128668 -695.841
128598 -696.187
128528 -696.534
128459 -696.881
128389 -697.228
128319 -697.574
128249 -697.921
128179 -698.268
128110 -698.615
128040 -698.962
127970 -699.309
127900 -699.655
127830 -700.002
127760 -700.349
127689 -700.696
127619 -701.043
127549 -701.39
127479 -701.737
127409 -702.084
127338 -702.431
127268 -702.778
127198 -703.125
127127 -703.472
127057 -703.819
126987 -704.166
126916 -704.513
126845 -704.86
126775 -705.207
126704 -705.554
126634 -705.901
126563 -706.249
126492 -706.596
126422 -706.943
126351 -707.29
126280 -707.637
126209 -707.984
126138 -708.332
126067 -708.679
125997 -709.026
125926 -709.373
125855 -709.721
125784 -710.068
125712 -710.415
125641 -710.763
125570 -711.11
125499 -711.457
125428 -711.805
125357 -712.152
125285 -712.499
125214 -712.847
125143 -713.194
125071 -713.541
125000 -713.889
124928 -714.236
124857 -714.584
124785 -714.931
124714 -715.279
124642 -715.626
124570 -715.974
124499 -716.321
124427 -716.669
124355 -717.016
124284 -717.364
124212 -717.711
124140 -718.059
124068 -718.407
123996 -718.754
123924 -719.102
123852 -719.45
123780 -719.797
123708 -720.145
123636 -720.493
123564 -720.84
123492 -721.188
123420 -721.536
123347 -721.883
123275 -722.231
123203 -722.579
123131 -722.927
123058 -723.274
122986 -723.622
122913 -723.97
122841 -724.318
122768 -724.666
122696 -725.014
122623 -725.362
122551 -725.709
122478 -726.057
122405 -726.405
122333 -726.753
122260 -727.101
122187 -727.449
122114 -727.797
122041 -728.145
121969 -728.493
121896 -728.841
121823 -729.189
121750 -729.537
121677 -729.885
121604 -730.233
121531 -730.581
121457 -730.929
121384 -731.277
121311 -731.626
121238 -731.974
121165 -732.322
121091 -732.67
121018 -733.018
120945 -733.366
120871 -733.715
120798 -734.063
120724 -734.411
120651 -734.759
120577 -735.108
120504 -735.456
120430 -735.804
120356 -736.152
120283 -736.501
120209 -736.849
120135 -737.197
120061 -737.546
119988 -737.894
119914 -738.242
119840 -738.591
119766 -738.939
119692 -739.288
119618 -739.636
119544 -739.985
119470 -740.333
119396 -740.682
119322 -741.03
119247 -741.379
119173 -741.727
119099 -742.076
119025 -742.424
118950 -742.773
118876 -743.121
118802 -743.47
118727 -743.818
118653 -744.167
118578 -744.516
118504 -744.864
118429 -745.213
118355 -745.562
118280 -745.91
118205 -746.259
118131 -746.608
118056 -746.956
117981 -747.305
117906 -747.654
117831 -748.003
117757 -748.351
117682 -748.7
117607 -749.049
117532 -749.398
117457 -749.747
117382 -750.095
117307 -750.444
117232 -750.793
117156 -751.142
117081 -751.491
117006 -751.84
116931 -752.189
116855 -752.538
116780 -752.887
116705 -753.236
116629 -753.585
116554 -753.934
116478 -754.283
116403 -754.632
116327 -754.981
116252 -755.33
116176 -755.679
116101 -756.028
116025 -756.377
115949 -756.726
115874 -757.075
115798 -757.424
115722 -757.773
115646 -758.123
115570 -758.472
115494 -758.821
115418 -759.17
115342 -759.519
115266 -759.869
115190 -760.218
115114 -760.567
115038 -760.916
114962 -761.266
114886 -761.615
114809 -761.964
114733 -762.314
114657 -762.663
114581 -763.012
114504 -763.362
114428 -763.711
114351 -764.06
114275 -764.41
114198 -764.759
114122 -765.109
114045 -765.458
113969 -765.807
113892 -766.157
113815 -766.506
113739 -766.856
113662 -767.205
113585 -767.555
113508 -767.904
113431 -768.254
113354 -768.604
113278 -768.953
113201 -769.303
113124 -769.652
113047 -770.002
112969 -770.352
112892 -770.701
112815 -771.051
112738 -771.401
112661 -771.75
112584 -772.1
112506 -772.45
112429 -772.799
112352 -773.149
112274 -773.499
112197 -773.849
112119 -774.198
112042 -774.548
111964 -774.898
111887 -775.248
111809 -775.598
111732 -775.947
111654 -776.297
111576 -776.647
111498 -776.997
111421 -777.347
111343 -777.697
111265 -778.047
111187 -778.397
111109 -778.746
111031 -779.096
110953 -779.446
110875 -779.796
110797 -780.146
110719 -780.496
110641 -780.846
110563 -781.196
110485 -781.546
110406 -781.897
110328 -782.247
110250 -782.597
110172 -782.947
110093 -783.297
110015 -783.647
109936 -783.997
109858 -784.347
109779 -784.697
109701 -785.048
109622 -785.398
109544 -785.748
109465 -786.098
109386 -786.448
109308 -786.799
109229 -787.149
109150 -787.499
109071 -787.849
108992 -788.2
108914 -788.55
108835 -788.9
108756 -789.251
108677 -789.601
108598 -789.951
108519 -790.302
108440 -790.652
108360 -791.002
108281 -791.353
108202 -791.703
108123 -792.054
108043 -792.404
107964 -792.755
107885 -793.105
107805 -793.455
107726 -793.806
107647 -794.156
107567 -794.507
107488 -794.857
107408 -795.208
107328 -795.559
107249 -795.909
107169 -796.26
107089 -796.61
107010 -796.961
106930 -797.311
106850 -797.662
106770 -798.013
106690 -798.363
106611 -798.714
106531 -799.065
106451 -799.415
106371 -799.766
106291 -800.117
106210 -800.467
106130 -800.818
106050 -801.169
105970 -801.52
105890 -801.87
105810 -802.221
105729 -802.572
105649 -802.923
105569 -803.274
105488 -803.624
105408 -803.975
105327 -804.326
105247 -804.677
105166 -805.028
105086 -805.379
105005 -805.729
104924 -806.08
104844 -806.431
104763 -806.782
104682 -807.133
104601 -807.484
104521 -807.835
104440 -808.186
104359 -808.537
104278 -808.888
104197 -809.239
104116 -809.59
104035 -809.941
103954 -810.292
103873 -810.643
103792 -810.994
103711 -811.345
103629 -811.696
103548 -812.047
103467 -812.398
103385 -812.749
103304 -813.101
103223 -813.452
103141 -813.803
103060 -814.154
102978 -814.505
102897 -814.856
102815 -815.207
102734 -815.559
102652 -815.91
102570 -816.261
102489 -816.612
102407 -816.963
102325 -817.315
102243 -817.666
102162 -818.017
102080 -818.368
101998 -818.72
101916 -819.071
101834 -819.422
101752 -819.774
101670 -820.125
101588 -820.476
101506 -820.827
101424 -821.179
101341 -821.53
101259 -821.882
101177 -822.233
101095 -822.584
101012 -822.936
100930 -823.287
100847 -823.638
100765 -823.99
100683 -824.341
100600 -824.693
100518 -825.044
100435 -825.396
100352 -825.747
100270 -826.098
100187 -826.45
100104 -826.801
100022 -827.153
99938.8 -827.504
99855.9 -827.856
99773.1 -828.207
99690.2 -828.559
99607.3 -828.91
99524.3 -829.262
99441.3 -829.614
99358.3 -829.965
99275.2 -830.317
99192.1 -830.668
99109 -831.02
99025.8 -831.371
98942.6 -831.723
98859.3 -832.075
98776.1 -832.426
98692.8 -832.778
98609.4 -833.129
98526 -833.481
98442.6 -833.833
98359.2 -834.184
98275.7 -834.536
98192.1 -834.888
98108.6 -835.239
98025 -835.591
97941.4 -835.943
97857.7 -836.294
97774 -836.646
97690.3 -836.998
97606.5 -837.349
97522.7 -837.701
97438.8 -838.053
97355 -838.404
97271.1 -838.756
97187.1 -839.108
97103.1 -839.46
97019.1 -839.811
96935.1 -840.163
96851 -840.515
96766.8 -840.867
96682.7 -841.218
96598.5 -841.57
96514.3 -841.922
96430 -842.274
96345.7 -842.625
96261.4 -842.977
96177 -843.329
96092.6 -843.681
96008.2 -844.033
95923.7 -844.384
95839.2 -844.736
95754.6 -845.088
95670.1 -845.44
95585.5 -845.792
95500.8 -846.143
95416.1 -846.495
95331.4 -846.847
95246.6 -847.199
95161.9 -847.551
95077 -847.903
94992.2 -848.254
94907.3 -848.606
94822.3 -848.958
94737.4 -849.31
94652.4 -849.662
94567.3 -850.014
94482.3 -850.365
94397.2 -850.717
94312 -851.069
94226.8 -851.421
94141.6 -851.773
94056.4 -852.125
93971.1 -852.477
93885.8 -852.828
93800.4 -853.18
93715 -853.532
93629.6 -853.884
93544.2 -854.236
93458.7 -854.588
93373.1 -854.94
93287.6 -855.292
93202 -855.643
93116.3 -855.995
93030.7 -856.347
92945 -856.699
92859.2 -857.051
92773.4 -857.403
92687.6 -857.755
92601.8 -858.107
92515.9 -858.458
92430 -858.81
92344 -859.162
92258 -859.514
92172 -859.866
92086 -860.218
91999.9 -860.57
91913.7 -860.921
91827.6 -861.273
91741.4 -861.625
91655.2 -861.977
91568.9 -862.329
91482.6 -862.681
91396.2 -863.032
91309.9 -863.384
91223.5 -863.736
91137 -864.088
91050.5 -864.44
90964 -864.792
90877.5 -865.143
90790.9 -865.495
90704.3 -865.847
90617.6 -866.199
90530.9 -866.551
90444.2 -866.902
90357.4 -867.254
90270.6 -867.606
90183.8 -867.958
90096.9 -868.31
90010 -868.661
89923.1 -869.013
89836.1 -869.365
89749.1 -869.717
89662.1 -870.068
89575 -870.42
89487.9 -870.772
89400.8 -871.123
89313.6 -871.475
89226.4 -871.827
89139.1 -872.179
89051.8 -872.53
88964.5 -872.882
88877.1 -873.234
88789.7 -873.585
88702.3 -873.937
88614.8 -874.288
88527.3 -874.64
88439.8 -874.992
88352.2 -875.343
88264.6 -875.695
88177 -876.046
88089.3 -876.398
88001.6 -876.75
87913.9 -877.101
87826.1 -877.453
87738.3 -877.804
87650.4 -878.156
87562.5 -878.507
87474.6 -878.859
87386.7 -879.21
87298.7 -879.562
87210.6 -879.913
87122.6 -880.264
87034.5 -880.616
86946.3 -880.967
86858.2 -881.319
86770 -881.67
86681.7 -882.021
86593.5 -882.373
86505.2 -882.724
86416.8 -883.075
86328.4 -883.427
86240 -883.778
86151.6 -884.129
86063.1 -884.48
85974.6 -884.831
85886 -885.183
85797.4 -885.534
85708.8 -885.885
85620.2 -886.236
85531.5 -886.587
85442.7 -886.938
85354 -887.289
85265.2 -887.64
85176.3 -887.992
85087.5 -888.343
84998.6 -888.693
84909.6 -889.044
84820.6 -889.395
84731.6 -889.746
84642.6 -890.097
84553.5 -890.448
84464.4 -890.799
84375.2 -891.15
84286.1 -891.501
84196.8 -891.851
84107.6 -892.202
84018.3 -892.553
83929 -892.903
83839.6 -893.254
83750.2 -893.605
83660.8 -893.955
83571.3 -894.306
83481.8 -894.657
83392.3 -895.007
83302.7 -895.358
83213.1 -895.708
83123.5 -896.058
83033.8 -896.409
82944.1 -896.759
82854.3 -897.11
82764.5 -897.46
82674.7 -897.81
82584.9 -898.16
82495 -898.511
82405.1 -898.861
82315.1 -899.211
82225.1 -899.561
82135.1 -899.911
82045 -900.261
81954.9 -900.611
81864.8 -900.961
81774.6 -901.311
81684.4 -901.661
81594.2 -902.011
81503.9 -902.36
81413.6 -902.71
81323.3 -903.06
81232.9 -903.41
81142.5 -903.759
81052.1 -904.109
80961.6 -904.458
80871.1 -904.808
80780.5 -905.157
80689.9 -905.507
80599.3 -905.856
80508.7 -906.206
80418 -906.555
80327.2 -906.904
80236.5 -907.253
80145.7 -907.602
80054.8 -907.952
79964 -908.301
79873.1 -908.65
79782.2 -908.999
79691.2 -909.347
79600.2 -909.696
79509.1 -910.045
79418.1 -910.394
79327 -910.742
79235.8 -911.091
79144.6 -911.44
79053.4 -911.788
78962.2 -912.137
78870.9 -912.485
78779.6 -912.833
78688.2 -913.182
78596.8 -913.53
78505.4 -913.878
78413.9 -914.226
78322.5 -914.574
78230.9 -914.922
78139.4 -915.27
78047.8 -915.618
77956.1 -915.966
77864.5 -916.314
77772.8 -916.661
77681 -917.009
77589.3 -917.356
77497.5 -917.704
77405.6 -918.051
77313.7 -918.399
77221.8 -918.746
77129.9 -919.093
77037.9 -919.44
76945.9 -919.787
76853.9 -920.134
76761.8 -920.481
76669.7 -920.828
76577.5 -921.175
76485.3 -921.521
76393.1 -921.868
76300.8 -922.214
76208.5 -922.561
76116.2 -922.907
76023.9 -923.253
75931.5 -923.6
75839 -923.946
75746.6 -924.292
75654.1 -924.638
75561.5 -924.984
75469 -925.329
75376.4 -925.675
75283.7 -926.02
75191.1 -926.366
75098.4 -926.711
75005.6 -927.057
74912.8 -927.402
74820 -927.747
74727.2 -928.092
74634.3 -928.437
74541.4 -928.782
74448.5 -929.126
74355.5 -929.471
74262.5 -929.815
74169.4 -930.16
74076.3 -930.504
73983.2 -930.848
73890 -931.192
73796.9 -931.536
73703.6 -931.88
73610.4 -932.224
73517.1 -932.568
73423.8 -932.911
73330.4 -933.255
73237 -933.598
73143.6 -933.941
73050.1 -934.284
72956.6 -934.627
72863.1 -934.97
72769.5 -935.313
72675.9 -935.655
72582.3 -935.998
72488.6 -936.34
72394.9 -936.682
72301.2 -937.024
72207.4 -937.366
72113.6 -937.708
72019.8 -938.05
71925.9 -938.391
71832 -938.733
71738 -939.074
71644.1 -939.415
71550.1 -939.756
71456 -940.097
71361.9 -940.438
71267.8 -940.778
71173.7 -941.119
71079.5 -941.459
70985.3 -941.799
70891 -942.139
70796.8 -942.479
70702.4 -942.819
70608.1 -943.158
70513.7 -943.497
70419.3 -943.837
70324.8 -944.176
70230.4 -944.515
70135.8 -944.853
70041.3 -945.192
69946.7 -945.53
69852.1 -945.868
69757.4 -946.206
69662.7 -946.544
69568 -946.882
69473.3 -947.219
69378.5 -947.557
69283.6 -947.894
69188.8 -948.231
69093.9 -948.568
68999 -948.904
68904 -949.241
68809 -949.577
68714 -949.913
68618.9 -950.249
68523.8 -950.584
68428.7 -950.92
68333.6 -951.255
68238.4 -951.59
68143.1 -951.925
68047.9 -952.259
67952.6 -952.594
67857.3 -952.928
67761.9 -953.262
67666.5 -953.595
67571.1 -953.929
67475.6 -954.262
67380.1 -954.595
67284.6 -954.928
67189 -955.261
67093.5 -955.593
66997.8 -955.925
66902.2 -956.257
66806.5 -956.589
66710.8 -956.92
66615 -957.252
66519.2 -957.583
66423.4 -957.913
66327.5 -958.244
66231.6 -958.574
66135.7 -958.904
66039.8 -959.234
65943.8 -959.563
65847.7 -959.892
65751.7 -960.221
65655.6 -960.55
65559.5 -960.878
65463.3 -961.206
65367.1 -961.534
65270.9 -961.861
65174.7 -962.189
65078.4 -962.516
64982.1 -962.842
64885.7 -963.169
64789.3 -963.495
64692.9 -963.82
64596.5 -964.146
64500 -964.471
64403.5 -964.796
64306.9 -965.121
64210.4 -965.445
64113.7 -965.769
64017.1 -966.092
63920.4 -966.416
63823.7 -966.738
63727 -967.061
63630.2 -967.383
63533.4 -967.705
63436.6 -968.027
63339.7 -968.348
63242.8 -968.669
63145.9 -968.99
63048.9 -969.31
62951.9 -969.63
62854.9 -969.949
62757.8 -970.268
62660.8 -970.587
62563.6 -970.905
62466.5 -971.223
62369.3 -971.541
62272.1 -971.858
62174.8 -972.175
62077.5 -972.491
61980.2 -972.807
61882.9 -973.123
61785.5 -973.438
61688.1 -973.753
61590.7 -974.067
61493.2 -974.381
61395.7 -974.695
61298.2 -975.008
61200.6 -975.321
61103 -975.633
61005.4 -975.945
60907.7 -976.256
60810 -976.567
60712.3 -976.877
60614.6 -977.187
60516.8 -977.497
60419 -977.806
60321.1 -978.115
60223.3 -978.423
60125.4 -978.73
60027.4 -979.038
59929.5 -979.344
59831.5 -979.65
59733.4 -979.956
59635.4 -980.261
59537.3 -980.566
59439.2 -980.87
59341 -981.174
59242.8 -981.477
59144.6 -981.779
59046.4 -982.081
58948.1 -982.383
58849.8 -982.683
58751.5 -982.984
58653.1 -983.284
58554.8 -983.583
58456.3 -983.881
58357.9 -984.18
58259.4 -984.477
58160.9 -984.774
58062.4 -985.07
57963.8 -985.366
57865.2 -985.661
57766.6 -985.955
57667.9 -986.249
57569.2 -986.543
57470.5 -986.835
57371.8 -987.127
57273 -987.418
57174.2 -987.709
57075.4 -987.999
56976.5 -988.288
56877.7 -988.577
56778.7 -988.865
56679.8 -989.152
56580.8 -989.439
56481.8 -989.725
56382.8 -990.01
56283.7 -990.295
56184.6 -990.578
56085.5 -990.861
55986.4 -991.144
55887.2 -991.425
55788 -991.706
55688.8 -991.986
55589.5 -992.265
55490.3 -992.544
55390.9 -992.822
55291.6 -993.099
55192.2 -993.375
55092.9 -993.65
54993.4 -993.925
54894 -994.198
54794.5 -994.471
54695 -994.743
54595.5 -995.014
54495.9 -995.285
54396.3 -995.554
54296.7 -995.823
54197.1 -996.091
54097.4 -996.358
53997.7 -996.624
53898 -996.889
53798.3 -997.153
53698.5 -997.416
53598.7 -997.678
53498.9 -997.94
53399.1 -998.2
53299.2 -998.459
53199.3 -998.718
53099.4 -998.975
52999.4 -999.232
52899.4 -999.487
52799.4 -999.742
52699.4 -999.995
52599.4 -1000.25
52499.4 -1000.5
52399.4 -1000.19
52299.4 -999.877
52199.5 -999.565
52099.6 -999.251
51999.7 -998.936
51899.9 -998.62
51800.1 -998.303
51700.3 -997.985
51600.6 -997.665
51500.9 -997.344
51401.2 -997.023
51301.6 -996.7
51202 -996.375
51102.4 -996.05
51002.9 -995.723
50903.4 -995.396
50803.9 -995.067
50704.5 -994.736
50605 -994.405
50505.7 -994.072
50406.3 -993.738
50307 -993.403
50207.7 -993.066
50108.5 -992.728
50009.3 -992.389
49910.1 -992.048
49811 -991.706
49711.9 -991.363
49612.8 -991.019
49513.8 -990.673
49414.8 -990.326
49315.8 -989.977
49216.9 -989.627
49118 -989.276
49019.2 -988.923
48920.3 -988.569
48821.6 -988.213
48722.8 -987.856
48624.1 -987.497
48525.4 -987.138
48426.8 -986.776
48328.2 -986.413
48229.6 -986.049
48131.1 -985.683
48032.6 -985.316
47934.1 -984.947
47835.7 -984.577
47737.3 -984.205
47639 -983.831
47540.7 -983.456
47442.4 -983.08
47344.2 -982.701
47246 -982.322
47147.8 -981.94
47049.7 -981.557
46951.6 -981.173
46853.6 -980.786
46755.6 -980.398
46657.6 -980.009
46559.7 -979.618
46461.8 -979.225
46364 -978.83
46266.2 -978.434
46168.4 -978.036
46070.7 -977.636
45973 -977.235
45875.3 -976.831
45777.7 -976.426
45680.2 -976.019
45582.7 -975.611
45485.2 -975.2
45387.7 -974.788
45290.3 -974.374
45193 -973.958
45095.7 -973.54
44998.4 -973.121
44901.2 -972.699
44804 -972.276
44706.9 -971.851
44609.8 -971.423
44512.7 -970.994
44415.7 -970.563
44318.7 -970.13
44221.8 -969.695
44124.9 -969.258
44028.1 -968.819
43931.3 -968.378
43834.5 -967.935
43737.8 -967.49
43641.2 -967.042
43544.6 -966.593
43448 -966.142
43351.5 -965.689
43255 -965.233
43158.6 -964.775
43062.2 -964.316
42965.8 -963.854
42869.5 -963.39
42773.3 -962.923
42677.1 -962.455
42580.9 -961.984
42484.8 -961.511
42388.8 -961.036
42292.8 -960.559
42196.8 -960.079
42100.9 -959.597
42005 -959.113
41909.2 -958.626
41813.5 -958.137
41717.7 -957.646
41622.1 -957.153
41526.5 -956.657
41430.9 -956.158
41335.4 -955.658
41239.9 -955.154
41144.5 -954.649
41049.1 -954.141
40953.8 -953.63
40858.6 -953.117
40763.4 -952.602
40668.2 -952.084
40573.1 -951.563
40478 -951.04
40383 -950.515
40288.1 -949.987
40193.2 -949.456
40098.4 -948.922
40003.6 -948.386
39908.9 -947.848
39814.2 -947.307
39719.6 -946.763
39625 -946.216
39530.5 -945.667
39436 -945.115
39341.6 -944.56
39247.3 -944.002
39153 -943.442
39058.8 -942.879
38964.6 -942.313
38870.5 -941.744
38776.4 -941.173
38682.4 -940.599
38588.5 -940.021
38494.6 -939.441
38400.7 -938.858
38307 -938.272
38213.3 -937.683
38119.6 -937.092
38026 -936.497
37932.5 -935.899
37839 -935.298
37745.6 -934.695
37652.3 -934.088
37559 -933.478
37465.8 -932.865
37372.6 -932.249
37279.5 -931.63
37186.5 -931.008
37093.5 -930.383
37000.6 -929.754
36907.7 -929.123
36814.9 -928.488
36722.2 -927.85
36629.6 -927.208
36537 -926.564
36444.4 -925.916
36352 -925.265
36259.6 -924.611
36167.3 -923.953
36075 -923.293
35982.8 -922.628
35890.7 -921.961
35798.6 -921.29
35706.6 -920.615
35614.7 -919.938
35522.8 -919.256
35431 -918.572
35339.3 -917.884
35247.7 -917.192
35156.1 -916.497
35064.6 -915.799
34973.1 -915.097
34881.8 -914.391
34790.5 -913.682
34699.3 -912.969
34608.1 -912.253
34517 -911.533
34426 -910.81
34335.1 -910.082
34244.2 -909.352
34153.4 -908.617
34062.7 -907.879
33972.1 -907.137
33881.5 -906.391
33791 -905.642
33700.6 -904.889
33610.3 -904.132
33520 -903.371
33429.8 -902.607
33339.7 -901.839
33249.7 -901.066
33159.7 -900.29
33069.9 -899.511
32980.1 -898.727
32890.4 -897.939
32800.7 -897.148
32711.2 -896.352
32621.7 -895.553
32532.3 -894.749
32443 -893.942
32353.8 -893.131
32264.6 -892.315
32175.5 -891.496
32086.6 -890.673
31997.7 -889.845
31908.8 -889.014
31820.1 -888.178
31731.5 -887.338
31642.9 -886.495
31554.4 -885.647
31466 -884.795
31377.7 -883.938
31289.5 -883.078
31201.4 -882.213
31113.3 -881.345
31025.3 -880.472
30937.5 -879.595
30849.7 -878.713
30762 -877.827
30674.4 -876.938
30586.9 -876.043
30499.5 -875.145
30412.1 -874.242
30324.9 -873.335
30237.7 -872.424
30150.7 -871.508
30063.7 -870.588
29976.8 -869.664
29890 -868.735
29803.4 -867.802
29716.8 -866.864
29630.3 -865.922
29543.9 -864.976
29457.6 -864.025
29371.4 -863.07
29285.2 -862.11
29199.2 -861.146
29113.3 -860.177
29027.5 -859.204
28941.8 -858.227
28856.1 -857.245
28770.6 -856.258
28685.2 -855.267
28599.8 -854.272
28514.6 -853.272
28429.5 -852.267
28344.5 -851.258
28259.5 -850.244
28174.7 -849.226
28090 -848.203
28005.4 -847.176
27920.9 -846.144
27836.5 -845.107
27752.2 -844.066
27668 -843.02
27583.9 -841.97
27499.9 -840.915
27416 -839.856
27332.2 -838.792
27248.6 -837.723
27165 -836.649
27081.6 -835.571
26998.2 -834.489
26915 -833.402
26831.9 -832.31
26748.9 -831.213
26666 -830.112
26583.2 -829.006
26500.5 -827.896
26417.9 -826.781
26335.5 -825.661
26253.1 -824.536
26170.9 -823.407
26088.8 -822.274
26006.8 -821.135
25924.9 -819.992
25843.2 -818.844
25761.5 -817.692
25680 -816.535
25598.5 -815.374
25517.2 -814.207
25436.1 -813.036
25355 -811.861
25274 -810.681
25193.2 -809.496
25112.5 -808.306
25031.9 -807.112
24951.4 -805.914
24871.1 -804.71
24790.9 -803.502
24710.7 -802.29
24630.8 -801.073
24550.9 -799.851
24471.2 -798.625
24391.5 -797.394
24312 -796.158
24232.7 -794.918
24153.4 -793.674
24074.3 -792.425
23995.3 -791.171
23916.5 -789.913
23837.7 -788.65
23759.1 -787.383
23680.6 -786.111
23602.3 -784.835
23524.1 -783.554
23446 -782.269
23368 -780.979
23290.1 -779.685
23212.4 -778.386
23134.9 -777.084
23057.4 -775.776
22980.1 -774.464
22902.9 -773.148
22825.9 -771.828
22748.9 -770.503
22672.2 -769.174
22595.5 -767.84
22519 -766.502
22442.6 -765.16
22366.4 -763.814
22290.3 -762.463
22214.3 -761.108
22138.4 -759.749
22062.7 -758.386
21987.2 -757.018
21911.8 -755.647
21836.5 -754.271
21761.3 -752.891
21686.3 -751.507
21611.4 -750.119
21536.7 -748.727
21462.1 -747.33
21387.6 -745.93
21313.3 -744.526
21239.2 -743.118
21165.1 -741.706
21091.3 -740.289
21017.5 -738.869
20943.9 -737.446
20870.4 -736.018
20797.1 -734.586
20724 -733.151
20650.9 -731.712
20578 -730.269
20505.3 -728.822
20432.7 -727.372
20360.3 -725.918
20288 -724.46
20215.8 -722.999
20143.8 -721.534
20072 -720.066
20000.2 -718.594
19928.7 -717.118
19857.3 -715.639
19786 -714.157
19714.9 -712.671
19643.9 -711.182
19573.1 -709.689
19502.4 -708.193
19431.9 -706.694
19361.5 -705.192
19291.3 -703.686
19221.2 -702.177
19151.3 -700.665
19081.6 -699.15
19012 -697.632
18942.5 -696.11
18873.2 -694.586
18804 -693.059
18735 -691.528
18666.2 -689.995
18597.5 -688.459
18529 -686.92
18460.6 -685.378
18392.4 -683.834
18324.3 -682.286
18256.4 -680.736
18188.6 -679.184
18121 -677.628
18053.5 -676.07
17986.2 -674.51
17919.1 -672.947
17852.1 -671.381
17785.3 -669.813
17718.6 -668.243
17652.1 -666.67
17585.8 -665.095
17519.6 -663.518
17453.5 -661.938
17387.7 -660.356
17322 -658.772
17256.4 -657.186
17191 -655.598
17125.7 -654.008
17060.7 -652.415
16995.7 -650.821
16931 -649.225
16866.4 -647.627
16801.9 -646.027
16737.7 -644.425
16673.5 -642.822
16609.6 -641.217
16545.8 -639.61
16482.1 -638.001
16418.7 -636.391
16355.3 -634.779
16292.2 -633.166
16229.2 -631.552
16166.4 -629.936
16103.7 -628.318
16041.2 -626.699
15978.8 -625.079
15916.7 -623.458
15854.6 -621.835
15792.8 -620.211
15731.1 -618.587
15669.5 -616.961
15608.2 -615.334
15547 -613.706
15485.9 -612.077
15425 -610.447
15364.3 -608.816
15303.8 -607.184
15243.4 -605.552
15183.1 -603.919
15123.1 -602.285
15063.2 -600.651
15003.4 -599.016
14943.9 -597.38
14884.5 -595.744
14825.2 -594.108
14766.1 -592.47
14707.2 -590.833
14648.4 -589.195
14589.9 -587.557
14531.4 -585.919
14473.2 -584.28
14415.1 -582.642
14357.1 -581.003
14299.4 -579.364
14241.7 -577.725
14184.3 -576.086
14127 -574.447
14069.9 -572.808
14012.9 -571.169
13956.2 -569.53
13899.5 -567.892
13843.1 -566.254
13786.8 -564.616
13730.6 -562.978
13674.7 -561.341
13618.9 -559.704
13563.2 -558.068
13507.7 -556.432
13452.4 -554.797
13397.3 -553.162
13342.3 -551.528
13287.5 -549.895
13232.8 -548.262
13178.3 -546.63
13124 -544.999
13069.8 -543.369
13015.8 -541.739
12961.9 -540.11
12908.2 -538.483
12854.7 -536.856
12801.4 -535.23
12748.2 -533.606
12695.1 -531.982
12642.2 -530.36
12589.5 -528.739
12537 -527.119
12484.6 -525.5
12432.4 -523.882
12380.3 -522.266
12328.4 -520.651
12276.7 -519.038
12225.1 -517.426
12173.7 -515.816
12122.4 -514.207
12071.3 -512.599
12020.4 -510.993
11969.6 -509.389
11919 -507.786
11868.5 -506.185
11818.2 -504.586
11768.1 -502.989
11718.1 -501.393
11668.3 -499.799
11618.6 -498.207
11569.1 -496.617
11519.8 -495.028
11470.6 -493.442
11421.5 -491.858
11372.7 -490.275
11324 -488.695
11275.4 -487.117
11227 -485.541
11178.8 -483.967
11130.7 -482.395
11082.8 -480.825
11035 -479.258
10987.4 -477.693
10939.9 -476.13
10892.6 -474.569
10845.5 -473.011
10798.5 -471.455
10751.7 -469.902
10705 -468.351
10658.4 -466.802
10612.1 -465.256
10565.9 -463.712
10519.8 -462.171
10473.9 -460.633
10428.1 -459.097
10382.5 -457.563
10337.1 -456.033
10291.8 -454.505
10246.6 -452.979
10201.6 -451.456
10156.8 -449.937
10112.1 -448.419
10067.6 -446.905
10023.2 -445.393
9978.94 -443.885
9934.85 -442.379
9890.91 -440.875
9847.13 -439.375
9803.49 -437.878
9760 -436.384
9716.66 -434.892
9673.47 -433.404
9630.42 -431.918
9587.53 -430.436
9544.78 -428.956
9502.18 -427.48
9459.72 -426.007
9417.42 -424.537
9375.26 -423.069
9333.24 -421.605
9291.37 -420.145
9249.65 -418.687
9208.07 -417.232
9166.64 -415.781
9125.35 -414.333
9084.21 -412.888
9043.2 -411.446
9002.35 -410.008
8961.63 -408.572
8921.06 -407.141
8880.63 -405.712
8840.35 -404.287
8800.2 -402.865
8760.2 -401.446
8720.34 -400.031
8680.62 -398.619
8641.04 -397.21
8601.6 -395.805
8562.3 -394.403
8523.13 -393.005
8484.11 -391.61
8445.23 -390.218
8406.48 -388.83
8367.88 -387.446
8329.41 -386.064
8291.08 -384.687
8252.88 -383.312
8214.83 -381.942
8176.91 -380.574
8139.12 -379.211
8101.47 -377.851
8063.96 -376.494
8026.58 -375.141
7989.33 -373.791
7952.22 -372.445
7915.25 -371.102
7878.4 -369.764
7841.69 -368.428
7805.12 -367.096
7768.67 -365.768
7732.36 -364.443
7696.18 -363.122
7660.13 -361.805
7624.21 -360.491
7588.43 -359.181
7552.77 -357.874
7517.24 -356.571
7481.84 -355.272
7446.58 -353.976
7411.44 -352.684
7376.43 -351.395
7341.54 -350.11
7306.79 -348.829
7272.16 -347.552
7237.66 -346.278
7203.28 -345.007
7169.04 -343.741
7134.92 -342.478
7100.92 -341.218
7067.05 -339.963
7033.3 -338.711
6999.68 -337.462
6966.18 -336.217
6932.81 -334.976
6899.56 -333.739
6866.43 -332.505
6833.43 -331.275
6800.54 -330.048
6767.78 -328.826
6735.14 -327.606
6702.63 -326.391
6670.23 -325.179
6637.95 -323.971
6605.8 -322.766
6573.76 -321.565
6541.84 -320.368
6510.04 -319.174
6478.36 -317.984
6446.8 -316.798
6415.36 -315.615
6384.03 -314.436
6352.82 -313.261
6321.73 -312.089
6290.75 -310.921
6259.9 -309.756
6229.15 -308.595
6198.52 -307.438
6168.01 -306.284
6137.61 -305.134
6107.33 -303.988
6077.16 -302.845
6047.1 -301.705
6017.16 -300.57
5987.32 -299.437
5957.61 -298.309
5928 -297.184
5898.51 -296.062
5869.12 -294.945
5839.85 -293.83
5810.69 -292.72
5781.64 -291.612
5752.7 -290.509
5723.87 -289.409
5695.14 -288.312
5666.53 -287.219
5638.03 -286.129
5609.63 -285.043
5581.34 -283.961
5553.16 -282.882
5525.09 -281.806
5497.12 -280.734
5469.26 -279.666
5441.51 -278.601
5413.86 -277.539
5386.32 -276.481
5358.88 -275.426
5331.55 -274.375
5304.32 -273.327
5277.19 -272.283
5250.17 -271.242
5223.26 -270.204
5196.44 -269.17
5169.73 -268.139
5143.12 -267.112
5116.62 -266.088
5090.21 -265.067
5063.91 -264.05
5037.71 -263.036
5011.6 -262.026
4985.6 -261.019
4959.7 -260.015
4933.9 -259.014
4908.2 -258.017
4882.59 -257.023
4857.09 -256.032
4831.68 -255.045
4806.37 -254.061
4781.16 -253.08
4756.05 -252.103
4731.04 -251.128
4706.12 -250.157
4681.29 -249.19
4656.57 -248.225
4631.94 -247.264
4607.4 -246.305
4582.96 -245.35
4558.62 -244.399
4534.37 -243.45
4510.21 -242.505
4486.15 -241.562
4462.18 -240.623
4438.3 -239.687
4414.52 -238.754
4390.83 -237.825
4367.23 -236.898
4343.73 -235.974
4320.32 -235.054
4296.99 -234.137
4273.76 -233.222
4250.62 -232.311
4227.57 -231.403
4204.61 -230.498
4181.74 -229.595
4158.96 -228.696
4136.27 -227.8
4113.67 -226.907
4091.16 -226.017
4068.73 -225.13
4046.4 -224.246
4024.15 -223.364
4001.99 -222.486
3979.91 -221.611
3957.93 -220.738
3936.03 -219.869
3914.21 -219.002
3892.48 -218.138
3870.84 -217.277
3849.29 -216.419
3827.82 -215.564
3806.43 -214.712
3785.13 -213.863
3763.91 -213.016
3742.78 -212.172
3721.73 -211.331
3700.76 -210.493
3679.88 -209.658
3659.08 -208.825
3638.36 -207.995
3617.73 -207.168
3597.18 -206.344
3576.71 -205.522
3556.32 -204.703
3536.01 -203.887
3515.78 -203.073
3495.64 -202.262
3475.57 -201.454
3455.59 -200.649
3435.68 -199.846
3415.86 -199.046
3396.11 -198.248
3376.45 -197.453
3356.86 -196.661
3337.35 -195.871
3317.92 -195.084
3298.57 -194.3
3279.3 -193.518
3260.1 -192.738
3240.98 -191.962
3221.94 -191.187
3202.98 -190.416
3184.09 -189.646
3165.28 -188.879
3146.54 -188.115
3127.88 -187.353
3109.3 -186.594
3090.79 -185.837
3072.36 -185.083
3054 -184.331
3035.71 -183.582
3017.51 -182.834
2999.37 -182.09
2981.31 -181.347
2963.32 -180.608
2945.41 -179.87
2927.57 -179.135
2909.8 -178.402
2892.11 -177.672
2874.49 -176.944
2856.94 -176.218
2839.46 -175.494
2822.05 -174.773
2804.72 -174.054
2787.46 -173.338
2770.27 -172.624
2753.15 -171.912
2736.1 -171.202
2719.12 -170.494
2702.21 -169.789
2685.37 -169.086
2668.6 -168.385
2651.9 -167.686
2635.27 -166.99
2618.71 -166.295
2602.22 -165.603
2585.8 -164.913
2569.45 -164.226
2553.16 -163.54
2536.94 -162.856
2520.79 -162.175
2504.71 -161.496
2488.7 -160.818
2472.75 -160.143
2456.87 -159.47
2441.06 -158.799
2425.31 -158.13
2409.63 -157.463
2394.02 -156.799
2378.47 -156.136
2362.99 -155.475
2347.57 -154.816
2332.22 -154.159
2316.94 -153.505
2301.72 -152.852
2286.56 -152.201
2271.47 -151.552
2256.44 -150.905
2241.48 -150.26
2226.59 -149.617
2211.75 -148.976
2196.98 -148.337
2182.28 -147.699
2167.63 -147.064
2153.05 -146.43
2138.54 -145.799
2124.08 -145.169
2109.69 -144.541
2095.36 -143.915
2081.09 -143.29
2066.89 -142.668
2052.75 -142.047
2038.67 -141.428
2024.65 -140.811
2010.69 -140.196
1996.79 -139.583
1982.95 -138.971
1969.18 -138.361
1955.46 -137.753
1941.81 -137.146
1928.22 -136.542
1914.68 -135.939
1901.21 -135.337
1887.8 -134.738
1874.44 -134.14
1861.15 -133.544
1847.91 -132.949
1834.73 -132.356
1821.62 -131.765
1808.56 -131.175
1795.56 -130.587
1782.62 -130.001
1769.73 -129.417
1756.91 -128.833
1744.14 -128.252
1731.43 -127.672
1718.78 -127.094
1706.18 -126.517
1693.65 -125.942
1681.17 -125.369
1668.75 -124.797
1656.38 -124.226
1644.07 -123.657
1631.82 -123.09
1619.62 -122.524
1607.48 -121.96
1595.4 -121.397
1583.37 -120.835
1571.4 -120.275
1559.48 -119.717
1547.62 -119.16
1535.82 -118.605
1524.07 -118.051
1512.37 -117.498
1500.73 -116.947
1489.15 -116.397
1477.62 -115.849
1466.14 -115.302
1454.72 -114.756
1443.36 -114.212
1432.04 -113.669
1420.78 -113.128
1409.58 -112.588
1398.43 -112.049
1387.33 -111.512
1376.29 -110.976
1365.3 -110.442
1354.36 -109.908
1343.47 -109.376
1332.64 -108.846
1321.86 -108.316
1311.14 -107.788
1300.46 -107.261
1289.84 -106.736
1279.27 -106.212
1268.76 -105.689
1258.29 -105.167
1247.88 -104.647
1237.52 -104.127
1227.21 -103.609
1216.95 -103.093
1206.74 -102.577
1196.59 -102.063
1186.49 -101.55
1176.43 -101.038
1166.43 -100.527
1156.48 -100.018
1146.58 -99.5091
1136.73 -99.0019
1126.93 -98.4958
1117.18 -97.9909
1107.48 -97.4871
1097.84 -96.9845
1088.24 -96.483
1078.69 -95.9826
1069.19 -95.4833
1059.74 -94.9851
1050.34 -94.488
1040.99 -93.992
1031.69 -93.4971
1022.44 -93.0032
1013.24 -92.5105
1004.09 -92.0188
994.983 -91.5281
985.928 -91.0385
976.922 -90.5499
967.964 -90.0624
959.055 -89.5759
950.195 -89.0904
941.383 -88.6059
932.619 -88.1224
923.903 -87.6399
915.235 -87.1584
906.615 -86.6779
898.043 -86.1983
889.519 -85.7198
881.042 -85.2422
872.613 -84.7655
864.232 -84.2898
855.898 -83.815
847.611 -83.3412
839.371 -82.8683
831.179 -82.3963
823.033 -81.9252
814.935 -81.4551
806.883 -80.9858
798.878 -80.5174
790.92 -80.0499
783.008 -79.5833
775.143 -79.1176
767.324 -78.6527
759.551 -78.1887
751.825 -77.7255
744.145 -77.2632
736.511 -76.8018
728.922 -76.3411
721.38 -75.8813
713.884 -75.4223
706.433 -74.9641
699.028 -74.5068
691.669 -74.0502
684.355 -73.5944
677.086 -73.1394
669.863 -72.6852
662.685 -72.2318
655.552 -71.7791
648.465 -71.3272
641.422 -70.876
634.425 -70.4256
627.472 -69.976
620.564 -69.527
613.701 -69.0789
606.882 -68.6314
600.109 -68.1846
593.379 -67.7386
586.694 -67.2932
580.054 -66.8486
573.458 -66.4046
566.906 -65.9614
560.398 -65.5188
553.935 -65.0768
547.515 -64.6356
541.14 -64.195
534.808 -63.7551
528.52 -63.3158
522.276 -62.8771
516.076 -62.4391
509.92 -62.0017
503.807 -61.565
497.738 -61.1288
491.712 -60.6933
485.729 -60.2583
479.79 -59.824
473.895 -59.3903
468.042 -58.9571
462.233 -58.5246
456.467 -58.0926
450.744 -57.6611
445.064 -57.2303
439.427 -56.8
433.833 -56.3702
428.281 -55.941
422.773 -55.5123
417.307 -55.0842
411.884 -54.6565
406.504 -54.2294
401.166 -53.8029
395.871 -53.3768
390.619 -52.9512
385.409 -52.5261
380.241 -52.1016
375.115 -51.6775
370.032 -51.2538
364.992 -50.8307
359.993 -50.408
355.037 -49.9858
350.122 -49.564
345.25 -49.1427
340.42 -48.7218
335.632 -48.3014
330.886 -47.8814
326.181 -47.4618
321.519 -47.0427
316.898 -46.6239
312.32 -46.2056
307.783 -45.7877
303.287 -45.3701
298.834 -44.953
294.422 -44.5362
290.051 -44.1198
285.723 -43.7038
281.435 -43.2882
277.189 -42.8729
272.985 -42.458
268.822 -42.0435
264.701 -41.6292
260.62 -41.2153
256.582 -40.8018
252.584 -40.3886
248.628 -39.9757
244.713 -39.5631
240.839 -39.1508
237.006 -38.7389
233.214 -38.3272
229.464 -37.9158
225.755 -37.5047
222.086 -37.0939
218.459 -36.6834
214.873 -36.2731
211.327 -35.8631
207.823 -35.4534
204.359 -35.0439
200.937 -34.6347
197.555 -34.2257
194.214 -33.8169
190.914 -33.4084
187.655 -33.0001
184.437 -32.592
181.259 -32.1841
178.122 -31.7764
175.026 -31.369
171.971 -30.9617
168.956 -30.5546
165.982 -30.1477
163.048 -29.741
160.155 -29.3345
157.303 -28.9281
154.492 -28.5219
151.721 -28.1158
148.99 -27.7099
146.3 -27.3041
143.651 -26.8985
141.042 -26.493
138.474 -26.0877
135.946 -25.6824
133.459 -25.2773
131.012 -24.8723
128.606 -24.4674
126.24 -24.0625
123.915 -23.6578
121.63 -23.2532
119.386 -22.8486
117.182 -22.4441
115.018 -22.0397
112.895 -21.6354
110.812 -21.2311
108.77 -20.8269
106.768 -20.4227
104.807 -20.0185
102.886 -19.6144
101.005 -19.2103
99.165 -18.8063
97.3652 -18.4022
95.6058 -17.9982
93.8868 -17.5941
92.2082 -17.1901
90.57 -16.7861
88.9722 -16.382
87.4148 -15.978
85.8978 -15.5739
84.4213 -15.1698
82.9851 -14.7656
81.5894 -14.3614
80.2341 -13.9572
78.9193 -13.5529
77.6449 -13.1485
76.4109 -12.7441
75.2174 -12.3396
74.0644 -11.935
72.9518 -11.5304
71.8797 -11.1256
70.8481 -10.7208
69.857 -10.3159
68.9065 -9.91082
67.9964 -9.50567
67.1269 -9.10039
66.298 -8.69499
65.5096 -8.28945
64.7618 -7.88378
64.0546 -7.47797
63.388 -7.07201
62.7621 -6.66589
62.1767 -6.25961
61.6321 -5.85316
61.1281 -5.44653
60.6648 -5.03973
60.2423 -4.63274
59.8605 -4.22555
59.5194 -3.81817
59.2191 -3.41058
58.9597 -3.00279
58.741 -2.59477
58.5632 -2.18653
58.4263 -1.77806
58.3121 -1.36935
58.1889 -1.14171
58.039 -1.23217
57.8697 -1.49895
57.7022 -1.69268
57.5519 -1.67502
57.4177 -1.50306
57.2862 -1.34257
57.1451 -1.3147
56.9925 -1.41057
56.8361 -1.52614
56.6851 -1.56427
56.5429 -1.50942
56.4053 -1.42234
56.2657 -1.37607
56.1207 -1.39597
55.9721 -1.45004
55.8243 -1.48629
55.6804 -1.47784
55.54 -1.43867
55.4003 -1.40391
55.2586 -1.39774
55.1147 -1.41672
54.9705 -1.43837
54.8276 -1.44292
54.6869 -1.42824
54.5472 -1.40778
54.4072 -1.3967
54.2663 -1.39954
54.1249 -1.40895
53.984 -1.41396
53.8441 -1.40939
53.7052 -1.39872
53.5665 -1.38949
53.4277 -1.3865
53.2886 -1.38866
53.1496 -1.39102
53.0112 -1.38954
52.8734 -1.38407
52.7361 -1.37762
52.5989 -1.37336
52.4617 -1.37206
52.3246 -1.372
52.1878 -1.37085
52.0515 -1.36764
51.9156 -1.36321
51.7799 -1.35922
51.6444 -1.35662
51.5091 -1.35507
51.374 -1.35348
51.2392 -1.35102
51.1048 -1.34773
50.9706 -1.3443
50.8367 -1.34138
50.703 -1.3391
50.5695 -1.33706
50.4364 -1.33474
50.3035 -1.33197
50.1708 -1.32898
50.0385 -1.32611
49.9064 -1.32355
49.7745 -1.32122
49.6429 -1.31885
49.5115 -1.31629
49.3804 -1.31356
49.2496 -1.31082
49.119 -1.30821
48.9887 -1.30573
48.8586 -1.3033
48.7288 -1.30081
48.5992 -1.29822
48.4699 -1.29559
48.3409 -1.293
48.2121 -1.29048
48.0835 -1.28801
47.9552 -1.28554
47.8272 -1.28302
47.6994 -1.28047
47.5718 -1.27792
47.4445 -1.27541
47.3175 -1.27294
47.1907 -1.27047
47.0642 -1.26799
46.9379 -1.2655
46.8118 -1.263
46.686 -1.26051
46.5604 -1.25805
46.4351 -1.2556
46.3101 -1.25315
46.1852 -1.25069
46.0607 -1.24823
45.9363 -1.24577
45.8122 -1.24333
45.6884 -1.2409
45.5648 -1.23847
45.4414 -1.23605
45.3183 -1.23362
45.1954 -1.2312
45.0728 -1.22878
44.9504 -1.22637
44.8282 -1.22397
44.7063 -1.22157
44.5846 -1.21918
44.4632 -1.21678
44.342 -1.21439
44.221 -1.21201
44.1003 -1.20964
43.9798 -1.20726
43.8596 -1.2049
43.7395 -1.20253
43.6198 -1.20017
43.5002 -1.19782
43.3809 -1.19547
43.2618 -1.19312
43.143 -1.19078
43.0244 -1.18844
42.906 -1.18611
42.7878 -1.18378
42.6699 -1.18146
42.5522 -1.17914
42.4348 -1.17682
42.3176 -1.17451
42.2006 -1.1722
42.0838 -1.1699
41.9673 -1.1676
41.851 -1.16531
41.7349 -1.16302
41.6191 -1.16074
41.5035 -1.15846
41.3881 -1.15618
41.2729 -1.15391
41.158 -1.15164
41.0432 -1.14938
40.9288 -1.14712
40.8145 -1.14487
40.7005 -1.14262
40.5866 -1.14037
40.4731 -1.13813
40.3597 -1.1359
40.2465 -1.13366
40.1336 -1.13143
40.0209 -1.12921
39.9085 -1.12699
39.7962 -1.12477
39.6842 -1.12256
39.5723 -1.12036
39.4607 -1.11815
39.3494 -1.11595
39.2382 -1.11376
39.1273 -1.11157
39.0166 -1.10938
38.9061 -1.1072
38.7958 -1.10502
38.6857 -1.10285
38.5759 -1.10068
38.4662 -1.09851
38.3568 -1.09635
38.2476 -1.09419
38.1386 -1.09204
38.0298 -1.08989
37.9213 -1.08774
37.8129 -1.0856
37.7048 -1.08347
37.5969 -1.08133
37.4892 -1.0792
37.3817 -1.07708
37.2744 -1.07496
37.1673 -1.07284
37.0604 -1.07073
36.9538 -1.06862
36.8474 -1.06652
36.7411 -1.06442
36.6351 -1.06232
36.5293 -1.06023
36.4237 -1.05814
36.3183 -1.05605
36.2131 -1.05397
36.1081 -1.05189
36.0033 -1.04982
35.8988 -1.04775
35.7944 -1.04569
35.6902 -1.04363
35.5863 -1.04157
35.4826 -1.03952
35.379 -1.03747
35.2757 -1.03542
35.1725 -1.03338
35.0696 -1.03134
34.9669 -1.02931
34.8644 -1.02728
34.762 -1.02525
34.6599 -1.02323
34.558 -1.02121
34.4563 -1.0192
34.3548 -1.01719
34.2534 -1.01518
34.1523 -1.01318
34.0514 -1.01118
33.9507 -1.00918
33.8502 -1.00719
33.7498 -1.0052
33.6497 -1.00322
33.5498 -1.00124
33.4501 -0.999264
33.3505 -0.997291
33.2512 -0.995323
33.152 -0.993357
33.0531 -0.991396
32.9544 -0.989438
32.8558 -0.987484
32.7574 -0.985534
32.6593 -0.983588
32.5613 -0.981645
32.4635 -0.979706
32.3659 -0.97777
32.2686 -0.975839
32.1714 -0.973911
32.0744 -0.971986
31.9775 -0.970066
31.8809 -0.968149
31.7845 -0.966235
31.6882 -0.964325
31.5922 -0.962419
31.4963 -0.960517
31.4007 -0.958618
31.3052 -0.956723
31.2099 -0.954831
31.1148 -0.952943
31.0199 -0.951059
30.9251 -0.949178
30.8306 -0.9473
30.7362 -0.945427
30.6421 -0.943557
30.5481 -0.94169
30.4543 -0.939827
30.3607 -0.937968
30.2672 -0.936112
30.174 -0.934259
30.0809 -0.93241
29.9881 -0.930565
29.8954 -0.928723
29.8029 -0.926885
29.7106 -0.92505
29.6184 -0.923219
29.5265 -0.921391
29.4347 -0.919567
29.3431 -0.917746
29.2517 -0.915928
29.1604 -0.914114
29.0694 -0.912304
28.9785 -0.910497
28.8878 -0.908693
28.7973 -0.906893
28.707 -0.905096
28.6168 -0.903303
28.5269 -0.901513
28.4371 -0.899727
28.3475 -0.897944
28.258 -0.896164
28.1688 -0.894388
28.0797 -0.892615
27.9908 -0.890845
27.902 -0.889079
27.8135 -0.887316
27.7251 -0.885557
27.6369 -0.883801
27.5489 -0.882048
27.461 -0.880298
27.3733 -0.878552
27.2858 -0.87681
27.1985 -0.87507
27.1113 -0.873334
27.0243 -0.871601
26.9375 -0.869872
26.8509 -0.868146
26.7644 -0.866423
26.6781 -0.864703
26.592 -0.862987
26.506 -0.861273
26.4203 -0.859564
26.3346 -0.857857
26.2492 -0.856154
26.1639 -0.854454
26.0788 -0.852757
25.9939 -0.851063
25.9091 -0.849373
25.8245 -0.847686
25.7401 -0.846002
25.6558 -0.844321
25.5717 -0.842643
25.4878 -0.840969
25.404 -0.839298
25.3204 -0.83763
25.237 -0.835965
25.1537 -0.834303
25.0706 -0.832645
24.9877 -0.83099
24.9049 -0.829338
24.8223 -0.827689
24.7399 -0.826043
24.6576 -0.8244
24.5755 -0.82276
24.4935 -0.821124
24.4118 -0.819491
24.3301 -0.81786
24.2487 -0.816233
24.1674 -0.814609
24.0862 -0.812988
24.0053 -0.81137
23.9244 -0.809756
23.8438 -0.808144
23.7633 -0.806535
23.683 -0.80493
23.6028 -0.803327
23.5228 -0.801728
23.4429 -0.800131
23.3632 -0.798538
23.2837 -0.796948
23.2043 -0.79536
23.1251 -0.793776
23.046 -0.792195
22.9671 -0.790617
22.8884 -0.789041
22.8098 -0.787469
22.7314 -0.7859
22.6531 -0.784334
22.575 -0.78277
22.497 -0.78121
22.4192 -0.779653
22.3415 -0.778099
22.264 -0.776547
22.1867 -0.774999
22.1095 -0.773453
22.0325 -0.771911
21.9556 -0.770371
21.8788 -0.768835
21.8023 -0.767301
21.7258 -0.76577
21.6496 -0.764242
21.5735 -0.762717
21.4975 -0.761195
21.4217 -0.759676
21.346 -0.75816
21.2705 -0.756646
21.1951 -0.755136
21.1199 -0.753628
21.0449 -0.752124
20.9699 -0.750622
20.8952 -0.749123
20.8206 -0.747626
20.7461 -0.746133
20.6718 -0.744643
20.5976 -0.743155
20.5236 -0.74167
20.4497 -0.740188
20.376 -0.738709
20.3024 -0.737233
20.229 -0.735759
20.1557 -0.734289
20.0826 -0.732821
20.0096 -0.731356
19.9368 -0.729894
19.8641 -0.728434
19.7915 -0.726977
19.7191 -0.725523
19.6468 -0.724072
19.5747 -0.722624
19.5027 -0.721178
19.4309 -0.719735
19.3592 -0.718295
19.2877 -0.716858
19.2163 -0.715423
19.145 -0.713991
19.0739 -0.712562
19.0029 -0.711135
18.9321 -0.709712
18.8614 -0.708291
18.7909 -0.706872
18.7205 -0.705457
18.6502 -0.704044
18.5801 -0.702634
18.5101 -0.701226
18.4403 -0.699821
18.3706 -0.698419
18.301 -0.69702
18.2316 -0.695623
18.1623 -0.694228
18.0932 -0.692837
18.0241 -0.691448
17.9553 -0.690062
17.8865 -0.688678
17.818 -0.687297
17.7495 -0.685919
17.6812 -0.684543
17.613 -0.68317
17.545 -0.6818
17.4771 -0.680432
17.4093 -0.679067
17.3416 -0.677704
17.2742 -0.676344
17.2068 -0.674987
17.1396 -0.673632
17.0725 -0.67228
17.0055 -0.67093
16.9387 -0.669583
16.872 -0.668238
16.8054 -0.666896
16.739 -0.665557
16.6727 -0.66422
16.6066 -0.662886
16.5406 -0.661554
16.4747 -0.660225
16.4089 -0.658898
16.3433 -0.657574
16.2778 -0.656252
16.2124 -0.654933
16.1472 -0.653617
16.0821 -0.652303
16.0171 -0.650991
15.9523 -0.649682
15.8876 -0.648375
15.823 -0.647071
15.7586 -0.64577
15.6942 -0.644471
15.6301 -0.643174
15.566 -0.64188
15.5021 -0.640588
15.4383 -0.639299
15.3746 -0.638012
15.311 -0.636728
15.2476 -0.635446
15.1843 -0.634166
15.1212 -0.632889
15.0581 -0.631615
14.9952 -0.630343
14.9325 -0.629073
14.8698 -0.627806
14.8073 -0.626541
14.7449 -0.625278
14.6826 -0.624018
14.6204 -0.622761
14.5584 -0.621505
14.4965 -0.620253
14.4347 -0.619002
14.3731 -0.617754
14.3116 -0.616508
14.2502 -0.615265
14.1889 -0.614024
14.1277 -0.612786
14.0667 -0.611549
14.0058 -0.610315
13.945 -0.609084
13.8843 -0.607855
13.8238 -0.606628
13.7634 -0.605404
13.7031 -0.604181
13.6429 -0.602962
13.5829 -0.601744
13.5229 -0.600529
13.4631 -0.599316
13.4034 -0.598106
13.3439 -0.596897
13.2844 -0.595691
13.2251 -0.594488
13.1659 -0.593287
13.1068 -0.592088
13.0478 -0.590891
12.989 -0.589696
12.9302 -0.588504
12.8716 -0.587314
12.8131 -0.586127
12.7548 -0.584941
12.6965 -0.583758
12.6384 -0.582577
12.5803 -0.581399
12.5224 -0.580222
12.4646 -0.579048
12.407 -0.577876
12.3494 -0.576707
12.292 -0.575539
12.2347 -0.574374
12.1774 -0.573211
12.1204 -0.572051
12.0634 -0.570892
12.0065 -0.569736
11.9498 -0.568582
11.8932 -0.56743
11.8366 -0.56628
11.7802 -0.565133
11.724 -0.563987
11.6678 -0.562844
11.6117 -0.561703
11.5558 -0.560564
11.5 -0.559428
11.4442 -0.558293
11.3886 -0.557161
11.3332 -0.556031
11.2778 -0.554903
11.2225 -0.553777
11.1674 -0.552654
11.1123 -0.551532
11.0574 -0.550413
11.0026 -0.549296
10.9479 -0.548181
10.8933 -0.547068
10.8388 -0.545957
10.7844 -0.544848
10.7301 -0.543741
10.676 -0.542637
10.6219 -0.541535
10.568 -0.540434
10.5142 -0.539336
10.4605 -0.53824
10.4069 -0.537146
10.3534 -0.536054
10.3 -0.534964
10.2467 -0.533877
10.1935 -0.532791
10.1405 -0.531707
10.0875 -0.530626
10.0347 -0.529546
9.98193 -0.528469
9.9293 -0.527394
9.87677 -0.52632
9.82436 -0.525249
9.77204 -0.52418
9.71984 -0.523113
9.66774 -0.522048
9.61575 -0.520984
9.56386 -0.519923
9.51208 -0.518864
9.46041 -0.517807
9.40884 -0.516752
9.35737 -0.515699
9.30601 -0.514648
9.25476 -0.513599
9.20361 -0.512553
9.15256 -0.511508
9.10162 -0.510465
9.05078 -0.509424
9.00004 -0.508385
8.94941 -0.507348
8.89888 -0.506313
8.84846 -0.50528
8.79814 -0.504248
8.74792 -0.503219
8.6978 -0.502192
8.64779 -0.501167
8.59788 -0.500144
8.54806 -0.499123
8.49836 -0.498103
8.44875 -0.497086
8.39924 -0.49607
8.34984 -0.495057
8.30054 -0.494045
8.25133 -0.493036
8.20223 -0.492028
8.15323 -0.491022
8.10433 -0.490018
8.05553 -0.489016
8.00682 -0.488016
7.95822 -0.487018
7.90972 -0.486022
7.86132 -0.485028
7.81301 -0.484035
7.7648 -0.483045
7.7167 -0.482056
7.66869 -0.481069
7.62078 -0.480085
7.57297 -0.479102
7.52525 -0.478121
7.47764 -0.477141
7.43012 -0.476164
7.3827 -0.475189
7.33537 -0.474215
7.28814 -0.473243
7.24101 -0.472273
7.19398 -0.471305
7.14704 -0.470339
7.1002 -0.469375
7.05346 -0.468412
7.00681 -0.467451
6.96025 -0.466493
6.9138 -0.465536
6.86743 -0.46458
6.82117 -0.463627
6.77499 -0.462675
6.72892 -0.461726
6.68293 -0.460778
6.63704 -0.459832
6.59125 -0.458887
6.54555 -0.457945
6.49994 -0.457004
6.45443 -0.456065
6.40901 -0.455128
6.36368 -0.454193
6.31845 -0.453259
6.27331 -0.452328
6.22826 -0.451398
6.18331 -0.45047
6.13845 -0.449543
6.09368 -0.448619
6.049 -0.447696
6.00442 -0.446775
5.95992 -0.445855
5.91552 -0.444938
5.87121 -0.444022
5.82699 -0.443108
5.78286 -0.442195
5.73882 -0.441285
5.69488 -0.440376
5.65102 -0.439469
5.60725 -0.438563
5.56358 -0.43766
5.51999 -0.436758
5.4765 -0.435858
5.43309 -0.434959
5.38977 -0.434062
5.34655 -0.433167
5.30341 -0.432274
5.26036 -0.431382
5.2174 -0.430492
5.17453 -0.429604
5.13174 -0.428717
5.08905 -0.427833
5.04644 -0.426949
5.00392 -0.426068
4.96149 -0.425188
4.91915 -0.42431
4.87689 -0.423434
4.83472 -0.422559
4.79264 -0.421686
4.75065 -0.420814
4.70874 -0.419945
4.66692 -0.419077
4.62519 -0.41821
4.58354 -0.417345
4.54197 -0.416482
4.5005 -0.415621
4.45911 -0.414761
4.4178 -0.413903
4.37658 -0.413046
4.33545 -0.412191
4.2944 -0.411338
4.25344 -0.410486
4.21256 -0.409636
4.17177 -0.408788
4.13106 -0.407941
4.09043 -0.407096
4.04989 -0.406253
4.00943 -0.405411
3.96906 -0.40457
3.92877 -0.403732
3.88856 -0.402895
3.84844 -0.402059
3.8084 -0.401225
3.76845 -0.400393
3.72857 -0.399562
3.68878 -0.398733
3.64907 -0.397905
3.60945 -0.397079
3.56991 -0.396255
3.53044 -0.395432
3.49107 -0.394611
3.45177 -0.393791
3.41255 -0.392973
3.37342 -0.392157
3.33437 -0.391342
3.29539 -0.390528
3.2565 -0.389716
3.21769 -0.388906
3.17896 -0.388097
3.14032 -0.38729
3.10175 -0.386485
3.06326 -0.38568
3.02485 -0.384878
2.98652 -0.384077
2.94828 -0.383277
2.91011 -0.382479
2.87202 -0.381683
2.83401 -0.380888
2.79608 -0.380094
2.75823 -0.379302
2.72046 -0.378512
2.68276 -0.377723
2.64515 -0.376936
2.60761 -0.37615
2.57015 -0.375366
2.53277 -0.374583
2.49547 -0.373801
2.45825 -0.373021
2.4211 -0.372243
2.38403 -0.371466
2.34704 -0.370691
2.31012 -0.369917
2.27329 -0.369144
2.23653 -0.368373
2.19984 -0.367604
2.16324 -0.366836
2.12671 -0.366069
2.09025 -0.365304
2.05387 -0.364541
2.01757 -0.363778
1.98135 -0.363018
1.9452 -0.362259
1.90912 -0.361501
1.87312 -0.360744
1.8372 -0.359989
1.80135 -0.359236
1.76558 -0.358484
1.72988 -0.357733
1.69426 -0.356984
1.65871 -0.356237
1.62323 -0.35549
1.58783 -0.354745
1.55251 -0.354002
1.51725 -0.35326
1.48208 -0.352519
1.44697 -0.35178
1.41194 -0.351042
1.37698 -0.350306
1.3421 -0.349571
1.30729 -0.348838
1.27255 -0.348106
1.23789 -0.347375
1.2033 -0.346645
1.16878 -0.345918
1.13433 -0.345191
1.09996 -0.344466
1.06565 -0.343742
1.03142 -0.34302
0.997266 -0.342299
0.96318 -0.341579
0.929166 -0.340861
0.895223 -0.340144
0.861351 -0.339429
0.827551 -0.338714
0.793822 -0.338002
0.760164 -0.33729
0.726577 -0.33658
0.693061 -0.335872
0.659615 -0.335164
0.626239 -0.334458
0.592934 -0.333754
0.559699 -0.33305
0.526535 -0.332349
0.49344 -0.331648
