9999.96 0
9999.89 -0.371467
9999.78 -0.742935
9999.63 -1.1144
9999.44 -1.48587
9999.22 -1.85733
9998.96 -2.22878
9998.66 -2.60023
9998.33 -2.97167
9997.96 -3.3431
9997.55 -3.71452
9997.1 -4.08593
9996.62 -4.45733
9996.1 -4.8287
9995.54 -5.20007
9994.95 -5.57141
9994.32 -5.94273
9993.65 -6.31403
9992.94 -6.68531
9992.2 -7.05657
9991.42 -7.42779
9990.6 -7.799
9989.75 -8.17017
9988.86 -8.54131
9987.93 -8.91242
9986.96 -9.2835
9985.96 -9.65454
9984.92 -10.0255
9983.84 -10.3965
9982.73 -10.7674
9981.58 -11.1383
9980.39 -11.5092
9979.17 -11.88
9977.9 -12.2507
9976.61 -12.6215
9975.27 -12.9921
9973.9 -13.3627
9972.49 -13.7333
9971.04 -14.1038
9969.55 -14.4743
9968.03 -14.8447
9966.47 -15.215
9964.88 -15.5853
9963.25 -15.9555
9961.58 -16.3257
9959.87 -16.6958
9958.13 -17.0658
9956.35 -17.4358
9954.53 -17.8057
9952.67 -18.1755
9950.78 -18.5453
9948.85 -18.915
9946.89 -19.2846
9944.89 -19.6542
9942.85 -20.0236
9940.77 -20.393
9938.66 -20.7623
9936.51 -21.1316
9934.32 -21.5007
9932.1 -21.8698
9929.84 -22.2387
9927.54 -22.6076
9925.2 -22.9764
9922.83 -23.3452
9920.42 -23.7138
9917.98 -24.0823
9915.5 -24.4508
9912.98 -24.8191
9910.42 -25.1873
9907.83 -25.5555
9905.2 -25.9235
9902.53 -26.2915
9899.83 -26.6593
9897.09 -27.0271
9894.32 -27.3947
9891.5 -27.7622
9888.65 -28.1296
9885.77 -28.4969
9882.84 -28.8641
9879.88 -29.2312
9876.89 -29.5982
9873.85 -29.965
9870.78 -30.3317
9867.68 -30.6984
9864.54 -31.0648
9861.36 -31.4312
9858.14 -31.7975
9854.89 -32.1636
9851.6 -32.5296
9848.27 -32.8954
9844.91 -33.2611
9841.51 -33.6267
9838.07 -33.9922
9834.6 -34.3575
9831.09 -34.7227
9827.55 -35.0878
9823.96 -35.4527
9820.35 -35.8175
9816.69 -36.1821
9813 -36.5466
9809.27 -36.911
9805.51 -37.2752
9801.71 -37.6392
9797.87 -38.0031
9794 -38.3669
9790.09 -38.7305
9786.14 -39.0939
9782.16 -39.4572
9778.14 -39.8203
9774.09 -40.1833
9770 -40.5461
9765.87 -40.9088
9761.71 -41.2713
9757.51 -41.6336
9753.27 -41.9957
9749 -42.3577
9744.69 -42.7195
9740.35 -43.0812
9735.97 -43.4427
9731.55 -43.804
9727.1 -44.1651
9722.61 -44.526
9718.09 -44.8868
9713.52 -45.2474
9708.93 -45.6078
9704.29 -45.968
9699.63 -46.3281
9694.92 -46.6879
9690.18 -47.0476
9685.4 -47.4071
9680.59 -47.7664
9675.74 -48.1255
9670.86 -48.4844
9665.94 -48.8431
9660.98 -49.2016
9655.99 -49.5599
9650.96 -49.918
9645.9 -50.2759
9640.8 -50.6336
9635.67 -50.9911
9630.5 -51.3484
9625.29 -51.7055
9620.05 -52.0624
9614.77 -52.4191
9609.46 -52.7755
9604.11 -53.1318
9598.72 -53.4878
9593.3 -53.8436
9587.85 -54.1992
9582.36 -54.5546
9576.83 -54.9097
9571.27 -55.2647
9565.67 -55.6194
9560.04 -55.9738
9554.37 -56.3281
9548.67 -56.6821
9542.93 -57.0359
9537.15 -57.3895
9531.34 -57.7428
9525.5 -58.0959
9519.62 -58.4487
9513.7 -58.8014
9507.75 -59.1537
9501.77 -59.5059
9495.75 -59.8578
9489.69 -60.2094
9483.6 -60.5608
9477.47 -60.912
9471.31 -61.2629
9465.11 -61.6135
9458.88 -61.9639
9452.62 -62.3141
9446.32 -62.6639
9439.98 -63.0136
9433.61 -63.363
9427.2 -63.7121
9420.76 -64.0609
9414.29 -64.4095
9407.77 -64.7578
9401.23 -65.1059
9394.65 -65.4537
9388.03 -65.8012
9381.38 -66.1485
9374.7 -66.4954
9367.98 -66.8421
9361.23 -67.1886
9354.44 -67.5347
9347.62 -67.8806
9340.76 -68.2262
9333.87 -68.5715
9326.94 -68.9165
9319.98 -69.2613
9312.99 -69.6057
9305.96 -69.9499
9298.89 -70.2938
9291.8 -70.6373
9284.66 -70.9806
9277.5 -71.3236
9270.3 -71.6663
9263.06 -72.0087
9255.79 -72.3508
9248.49 -72.6926
9241.15 -73.0341
9233.78 -73.3753
9226.37 -73.7162
9218.93 -74.0568
9211.46 -74.3971
9203.95 -74.737
9196.41 -75.0767
9188.84 -75.416
9181.23 -75.7551
9173.58 -76.0938
9165.91 -76.4322
9158.19 -76.7702
9150.45 -77.108
9142.67 -77.4454
9134.86 -77.7825
9127.01 -78.1193
9119.14 -78.4557
9111.22 -78.7919
9103.28 -79.1276
9095.3 -79.4631
9087.28 -79.7982
9079.24 -80.133
9071.16 -80.4675
9063.04 -80.8016
9054.9 -81.1353
9046.72 -81.4688
9038.5 -81.8019
9030.26 -82.1346
9021.98 -82.467
9013.66 -82.799
9005.32 -83.1307
8996.94 -83.4621
8988.52 -83.7931
8980.08 -84.1237
8971.6 -84.454
8963.09 -84.7839
8954.55 -85.1135
8945.97 -85.4427
8937.36 -85.7715
8928.72 -86.1
8920.04 -86.4281
8911.33 -86.7559
8902.59 -87.0832
8893.82 -87.4102
8885.01 -87.7369
8876.17 -88.0631
8867.3 -88.389
8858.4 -88.7145
8849.46 -89.0397
8840.49 -89.3644
8831.49 -89.6888
8822.46 -90.0128
8813.39 -90.3364
8804.29 -90.6596
8795.16 -90.9824
8786 -91.3049
8776.8 -91.6269
8767.58 -91.9486
8758.32 -92.2698
8749.03 -92.5907
8739.7 -92.9112
8730.35 -93.2312
8720.96 -93.5509
8711.54 -93.8702
8702.09 -94.189
8692.61 -94.5075
8683.09 -94.8255
8673.55 -95.1432
8663.97 -95.4604
8654.36 -95.7772
8644.72 -96.0936
8635.05 -96.4096
8625.34 -96.7252
8615.61 -97.0404
8605.84 -97.3551
8596.04 -97.6694
8586.21 -97.9833
8576.35 -98.2968
8566.46 -98.6099
8556.54 -98.9225
8546.58 -99.2347
8536.6 -99.5464
8526.58 -99.8578
8516.53 -100.169
8506.45 -100.479
8496.34 -100.789
8486.2 -101.099
8476.03 -101.408
8465.83 -101.717
8455.59 -102.025
8445.33 -102.333
8435.04 -102.64
8424.71 -102.947
8414.35 -103.253
8403.97 -103.559
8393.55 -103.865
8383.1 -104.17
8372.63 -104.475
8362.12 -104.779
8351.58 -105.083
8341.01 -105.386
8330.41 -105.689
8319.78 -105.991
8309.12 -106.293
8298.43 -106.595
8287.71 -106.896
8276.96 -107.196
8266.18 -107.496
8255.37 -107.796
8244.53 -108.095
8233.67 -108.393
8222.77 -108.691
8211.84 -108.989
8200.88 -109.286
8189.89 -109.583
8178.87 -109.879
8167.83 -110.175
8156.75 -110.47
8145.65 -110.765
8134.51 -111.059
8123.35 -111.353
8112.15 -111.646
8100.93 -111.939
8089.68 -112.231
8078.39 -112.523
8067.08 -112.814
8055.74 -113.105
8044.38 -113.395
8032.98 -113.685
8021.55 -113.974
8010.1 -114.263
7998.61 -114.551
7987.1 -114.839
7975.56 -115.126
7963.99 -115.413
7952.39 -115.699
7940.76 -115.985
7929.11 -116.27
7917.42 -116.555
7905.71 -116.839
7893.97 -117.122
7882.2 -117.406
7870.41 -117.688
7858.58 -117.97
7846.73 -118.252
7834.85 -118.533
7822.94 -118.813
7811 -119.093
7799.03 -119.372
7787.04 -119.651
7775.02 -119.93
7762.97 -120.207
7750.9 -120.485
7738.79 -120.761
7726.66 -121.037
7714.5 -121.313
7702.32 -121.588
7690.1 -121.863
7677.86 -122.137
7665.59 -122.41
7653.3 -122.683
7640.98 -122.955
7628.63 -123.227
7616.25 -123.498
7603.84 -123.769
7591.41 -124.039
7578.96 -124.308
7566.47 -124.577
7553.96 -124.846
7541.42 -125.114
7528.86 -125.381
7516.27 -125.648
7503.65 -125.914
7491 -126.179
7478.33 -126.444
7465.64 -126.709
7452.91 -126.973
7440.16 -127.236
7427.39 -127.499
7414.58 -127.761
7401.76 -128.022
7388.9 -128.283
7376.02 -128.544
7363.11 -128.803
7350.18 -129.063
7337.22 -129.321
7324.24 -129.579
7311.23 -129.837
7298.2 -130.094
7285.14 -130.35
7272.05 -130.606
7258.94 -130.861
7245.8 -131.115
7232.64 -131.369
7219.45 -131.622
7206.24 -131.875
7193 -132.127
7179.74 -132.379
7166.45 -132.629
7153.14 -132.88
7139.8 -133.129
7126.44 -133.378
7113.05 -133.627
7099.64 -133.875
7086.2 -134.122
7072.74 -134.368
7059.25 -134.614
7045.74 -134.86
7032.21 -135.105
7018.65 -135.349
7005.06 -135.592
6991.46 -135.835
6977.82 -136.077
6964.17 -136.319
6950.49 -136.56
6936.78 -136.801
6923.06 -137.04
6909.3 -137.279
6895.53 -137.518
6881.73 -137.756
6867.91 -137.993
6854.06 -138.23
6840.19 -138.466
6826.3 -138.701
6812.38 -138.936
6798.44 -139.17
6784.48 -139.403
6770.49 -139.636
6756.48 -139.868
6742.45 -140.1
6728.39 -140.33
6714.31 -140.561
6700.21 -140.79
6686.08 -141.019
6671.94 -141.247
6657.77 -141.475
6643.57 -141.702
6629.36 -141.928
6615.12 -142.154
6600.86 -142.379
6586.58 -142.603
6572.27 -142.827
6557.95 -143.05
6543.6 -143.272
6529.22 -143.494
6514.83 -143.715
6500.42 -143.935
6485.98 -144.155
6471.52 -144.374
6457.04 -144.593
6442.53 -144.81
6428.01 -145.027
6413.46 -145.244
6398.9 -145.459
6384.31 -145.674
6369.7 -145.889
6355.07 -146.102
6340.41 -146.315
6325.74 -146.528
6311.04 -146.739
6296.33 -146.95
6281.59 -147.161
6266.83 -147.37
6252.05 -147.579
6237.26 -147.788
6222.44 -147.995
6207.59 -148.202
6192.73 -148.408
6177.85 -148.614
6162.95 -148.818
6148.03 -149.023
6133.08 -149.226
6118.12 -149.429
6103.14 -149.631
6088.13 -149.832
6073.11 -150.033
6058.07 -150.233
6043 -150.432
6027.92 -150.631
6012.82 -150.829
5997.7 -151.026
5982.55 -151.222
5967.39 -151.418
5952.21 -151.613
5937.01 -151.808
5921.79 -152.001
5906.55 -152.194
5891.3 -152.387
5876.02 -152.578
5860.72 -152.769
5845.41 -152.959
5830.08 -153.149
5814.72 -153.338
5799.35 -153.526
5783.96 -153.713
5768.55 -153.9
5753.13 -154.086
5737.68 -154.271
5722.22 -154.455
5706.73 -154.639
5691.23 -154.822
5675.71 -155.005
5660.18 -155.186
5644.62 -155.367
5629.05 -155.547
5613.46 -155.727
5597.85 -155.906
5582.23 -156.084
5566.58 -156.261
5550.92 -156.438
5535.24 -156.613
5519.55 -156.789
5503.83 -156.963
5488.1 -157.137
5472.35 -157.31
5456.59 -157.482
5440.8 -157.654
5425.01 -157.824
5409.19 -157.995
5393.36 -158.164
5377.51 -158.333
5361.64 -158.501
5345.76 -158.668
5329.86 -158.834
5313.94 -159
5298.01 -159.165
5282.06 -159.329
5266.09 -159.493
5250.11 -159.656
5234.11 -159.818
5218.1 -159.979
5202.07 -160.14
5186.02 -160.299
5169.96 -160.459
5153.88 -160.617
5137.79 -160.775
5121.68 -160.932
5105.56 -161.088
5089.42 -161.243
5073.26 -161.398
5057.09 -161.552
5040.91 -161.705
5024.7 -161.858
5008.49 -162.009
4992.26 -162.16
4976.01 -162.311
4959.75 -162.46
4943.47 -162.609
4927.18 -162.757
4910.88 -162.905
4894.56 -163.051
4878.22 -163.197
4861.88 -163.342
4845.51 -163.486
4829.14 -163.63
4812.74 -163.773
4796.34 -163.915
4779.92 -164.057
4763.49 -164.197
4747.04 -164.337
4730.58 -164.476
4714.1 -164.615
4697.62 -164.752
4681.16 -164.799
4664.72 -164.645
4648.34 -164.316
4631.99 -163.891
4615.68 -163.467
4599.42 -163.044
4583.2 -162.622
4567.02 -162.2
4550.89 -161.78
4534.79 -161.36
4518.74 -160.941
4502.73 -160.523
4486.76 -160.106
4470.84 -159.689
4454.95 -159.274
4439.1 -158.859
4423.3 -158.446
4407.54 -158.033
4391.82 -157.621
4376.14 -157.21
4360.5 -156.799
4344.9 -156.39
4329.34 -155.981
4313.83 -155.573
4298.35 -155.166
4282.92 -154.76
4267.52 -154.355
4252.17 -153.951
4236.85 -153.547
4221.58 -153.144
4206.34 -152.742
4191.15 -152.341
4176 -151.941
4160.88 -151.542
4145.81 -151.143
4130.77 -150.745
4115.78 -150.348
4100.82 -149.952
4085.9 -149.557
4071.03 -149.162
4056.19 -148.768
4041.39 -148.375
4026.63 -147.983
4011.91 -147.592
3997.23 -147.202
3982.59 -146.812
3967.99 -146.423
3953.42 -146.035
3938.89 -145.648
3924.41 -145.261
3909.96 -144.876
3895.55 -144.491
3881.17 -144.107
3866.84 -143.723
3852.54 -143.341
3838.29 -142.959
3824.07 -142.578
3809.89 -142.198
3795.74 -141.818
3781.64 -141.44
3767.57 -141.062
3753.54 -140.685
3739.54 -140.309
3725.59 -139.933
3711.67 -139.558
3697.79 -139.184
3683.94 -138.811
3670.14 -138.439
3656.37 -138.067
3642.63 -137.696
3628.94 -137.326
3615.28 -136.956
3601.66 -136.588
3588.07 -136.22
3574.52 -135.853
3561.01 -135.486
3547.54 -135.121
3534.1 -134.756
3520.69 -134.391
3507.33 -134.028
3494 -133.665
3480.7 -133.303
3467.45 -132.942
3454.22 -132.582
3441.04 -132.222
3427.89 -131.863
3414.77 -131.505
3401.69 -131.147
3388.65 -130.79
3375.64 -130.434
3362.67 -130.079
3349.73 -129.724
3336.83 -129.37
3323.96 -129.017
3311.13 -128.664
3298.34 -128.312
3285.58 -127.961
3272.85 -127.611
3260.16 -127.261
3247.5 -126.912
3234.88 -126.563
3222.29 -126.216
3209.74 -125.869
3197.22 -125.523
3184.74 -125.177
3172.29 -124.832
3159.88 -124.488
3147.5 -124.145
3135.15 -123.802
3122.84 -123.46
3110.56 -123.118
3098.32 -122.778
3086.11 -122.438
3073.93 -122.098
3061.79 -121.76
3049.68 -121.422
3037.61 -121.084
3025.57 -120.747
3013.56 -120.411
3001.58 -120.076
2989.64 -119.741
2977.74 -119.407
2965.86 -119.074
2954.02 -118.741
2942.21 -118.409
2930.44 -118.078
2918.7 -117.747
2906.99 -117.417
2895.31 -117.088
2883.67 -116.759
2872.06 -116.431
2860.48 -116.103
2848.94 -115.776
2837.42 -115.45
2825.94 -115.124
2814.5 -114.799
2803.08 -114.475
2791.7 -114.151
2780.35 -113.828
2769.03 -113.506
2757.74 -113.184
2746.49 -112.863
2735.27 -112.542
2724.08 -112.222
2712.92 -111.903
2701.79 -111.584
2690.7 -111.266
2679.63 -110.949
2668.6 -110.632
2657.6 -110.316
2646.63 -110
2635.7 -109.685
2624.79 -109.371
2613.92 -109.057
2603.07 -108.744
2592.26 -108.431
2581.48 -108.119
2570.73 -107.808
2560.01 -107.497
2549.32 -107.186
2538.67 -106.877
2528.04 -106.568
2517.45 -106.259
2506.88 -105.951
2496.35 -105.644
2485.84 -105.337
2475.37 -105.031
2464.93 -104.726
2454.52 -104.421
2444.14 -104.116
2433.79 -103.812
2423.47 -103.509
2413.17 -103.206
2402.91 -102.904
2392.68 -102.603
2382.48 -102.302
2372.31 -102.001
2362.17 -101.701
2352.06 -101.402
2341.98 -101.103
2331.93 -100.805
2321.91 -100.507
2311.92 -100.21
2301.96 -99.9138
2292.03 -99.6178
2282.12 -99.3224
2272.25 -99.0274
2262.41 -98.7331
2252.59 -98.4392
2242.81 -98.146
2233.05 -97.8532
2223.32 -97.561
2213.63 -97.2693
2203.96 -96.9781
2194.32 -96.6875
2184.71 -96.3974
2175.12 -96.1079
2165.57 -95.8188
2156.05 -95.5303
2146.55 -95.2423
2137.08 -94.9549
2127.65 -94.6679
2118.24 -94.3815
2108.86 -94.0956
2099.5 -93.8102
2090.18 -93.5253
2080.88 -93.2409
2071.62 -92.957
2062.38 -92.6737
2053.17 -92.3908
2043.98 -92.1085
2034.83 -91.8266
2025.7 -91.5453
2016.6 -91.2644
2007.53 -90.9841
1998.49 -90.7042
1989.48 -90.4248
1980.49 -90.146
1971.53 -89.8676
1962.6 -89.5897
1953.7 -89.3123
1944.82 -89.0354
1935.97 -88.7589
1927.15 -88.483
1918.36 -88.2075
1909.59 -87.9325
1900.85 -87.658
1892.14 -87.384
1883.46 -87.1104
1874.8 -86.8373
1866.17 -86.5647
1857.57 -86.2925
1849 -86.0208
1840.45 -85.7496
1831.93 -85.4789
1823.43 -85.2086
1814.97 -84.9388
1806.53 -84.6694
1798.11 -84.4005
1789.73 -84.132
1781.37 -83.864
1773.03 -83.5965
1764.73 -83.3294
1756.45 -83.0628
1748.2 -82.7966
1739.97 -82.5308
1731.77 -82.2655
1723.6 -82.0007
1715.45 -81.7363
1707.33 -81.4723
1699.23 -81.2088
1691.16 -80.9457
1683.12 -80.683
1675.11 -80.4208
1667.12 -80.159
1659.15 -79.8976
1651.22 -79.6367
1643.3 -79.3762
1635.42 -79.1162
1627.56 -78.8565
1619.72 -78.5973
1611.92 -78.3385
1604.13 -78.0801
1596.38 -77.8222
1588.65 -77.5646
1580.94 -77.3075
1573.26 -77.0508
1565.61 -76.7945
1557.98 -76.5386
1550.38 -76.2831
1542.8 -76.0281
1535.25 -75.7734
1527.72 -75.5192
1520.22 -75.2653
1512.74 -75.0119
1505.29 -74.7588
1497.87 -74.5062
1490.47 -74.2539
1483.09 -74.0021
1475.74 -73.7507
1468.42 -73.4996
1461.12 -73.2489
1453.84 -72.9987
1446.59 -72.7488
1439.37 -72.4993
1432.17 -72.2502
1424.99 -72.0015
1417.84 -71.7531
1410.72 -71.5052
1403.62 -71.2576
1396.54 -71.0104
1389.49 -70.7636
1382.46 -70.5171
1375.46 -70.2711
1368.48 -70.0254
1361.53 -69.7801
1354.6 -69.5351
1347.69 -69.2906
1340.81 -69.0463
1333.96 -68.8025
1327.13 -68.559
1320.32 -68.3159
1313.53 -68.0732
1306.78 -67.8308
1300.04 -67.5887
1293.33 -67.3471
1286.64 -67.1058
1279.98 -66.8648
1273.34 -66.6242
1266.73 -66.3839
1260.14 -66.144
1253.57 -65.9045
1247.03 -65.6653
1240.51 -65.4264
1234.02 -65.1879
1227.54 -64.9498
1221.1 -64.7119
1214.67 -64.4745
1208.27 -64.2373
1201.9 -64.0005
1195.54 -63.7641
1189.21 -63.5279
1182.91 -63.2921
1176.63 -63.0567
1170.37 -62.8216
1164.13 -62.5868
1157.92 -62.3523
1151.73 -62.1182
1145.57 -61.8843
1139.43 -61.6509
1133.31 -61.4177
1127.21 -61.1849
1121.14 -60.9523
1115.09 -60.7201
1109.07 -60.4883
1103.06 -60.2567
1097.08 -60.0255
1091.13 -59.7945
1085.19 -59.5639
1079.28 -59.3336
1073.4 -59.1036
1067.53 -58.8739
1061.69 -58.6446
1055.87 -58.4155
1050.08 -58.1867
1044.3 -57.9583
1038.55 -57.7301
1032.82 -57.5023
1027.12 -57.2747
1021.44 -57.0475
1015.78 -56.8205
1010.14 -56.5939
1004.53 -56.3675
998.936 -56.1414
993.367 -55.9157
987.821 -55.6902
982.297 -55.465
976.795 -55.2401
971.316 -55.0155
965.859 -54.7911
960.425 -54.5671
955.013 -54.3433
949.623 -54.1199
944.256 -53.8967
938.911 -53.6738
933.588 -53.4511
928.287 -53.2288
923.009 -53.0067
917.753 -52.7849
912.518 -52.5633
907.306 -52.3421
902.116 -52.1211
896.948 -51.9004
891.802 -51.6799
886.678 -51.4598
881.576 -51.2398
876.496 -51.0202
871.438 -50.8008
866.402 -50.5817
861.387 -50.3628
856.395 -50.1442
851.424 -49.9259
846.475 -49.7078
841.548 -49.49
836.642 -49.2724
831.758 -49.0551
826.896 -48.8381
822.056 -48.6213
817.237 -48.4047
812.44 -48.1884
807.664 -47.9724
802.91 -47.7565
798.177 -47.541
793.466 -47.3257
788.777 -47.1106
784.109 -46.8958
779.462 -46.6812
774.837 -46.4668
770.233 -46.2527
765.65 -46.0388
761.089 -45.8252
756.549 -45.6118
752.031 -45.3986
747.533 -45.1857
743.057 -44.973
738.602 -44.7605
734.169 -44.5483
729.756 -44.3363
725.365 -44.1245
720.995 -43.913
716.646 -43.7016
712.318 -43.4905
708.011 -43.2797
703.725 -43.069
699.46 -42.8586
695.216 -42.6483
690.994 -42.4383
686.792 -42.2285
682.611 -42.019
678.451 -41.8096
674.311 -41.6005
670.193 -41.3916
666.096 -41.1828
662.019 -40.9743
657.963 -40.7661
653.928 -40.558
649.914 -40.3501
645.921 -40.1424
641.948 -39.9349
637.996 -39.7277
634.064 -39.5206
630.154 -39.3138
626.264 -39.1071
622.394 -38.9007
618.545 -38.6944
614.717 -38.4883
610.909 -38.2825
607.122 -38.0768
603.356 -37.8713
599.61 -37.666
595.884 -37.4609
592.179 -37.256
588.494 -37.0513
584.83 -36.8468
581.186 -36.6425
577.563 -36.4383
573.96 -36.2343
570.377 -36.0306
566.815 -35.827
563.273 -35.6235
559.751 -35.4203
556.249 -35.2173
552.768 -35.0144
549.307 -34.8117
545.867 -34.6092
542.446 -34.4068
539.046 -34.2046
535.666 -34.0026
532.306 -33.8008
528.966 -33.5992
525.646 -33.3977
522.347 -33.1964
519.068 -32.9952
515.808 -32.7942
512.569 -32.5934
509.35 -32.3928
506.15 -32.1923
502.971 -31.992
499.812 -31.7918
496.673 -31.5918
493.554 -31.392
490.454 -31.1923
487.375 -30.9928
484.316 -30.7934
481.276 -30.5942
478.257 -30.3952
475.257 -30.1963
472.277 -29.9975
469.317 -29.7989
466.377 -29.6005
463.456 -29.4022
460.556 -29.204
457.675 -29.006
454.814 -28.8082
451.972 -28.6105
449.151 -28.4129
446.349 -28.2155
443.567 -28.0182
440.805 -27.821
438.062 -27.6241
435.339 -27.4272
432.635 -27.2305
429.952 -27.0339
427.288 -26.8374
424.643 -26.6411
422.018 -26.445
419.413 -26.2489
416.827 -26.053
414.261 -25.8572
411.714 -25.6616
409.187 -25.4661
406.68 -25.2707
404.192 -25.0754
401.723 -24.8803
399.274 -24.6852
396.845 -24.4903
394.435 -24.2956
392.044 -24.1009
389.673 -23.9064
387.321 -23.712
384.989 -23.5177
382.676 -23.3236
380.382 -23.1295
378.108 -22.9356
375.853 -22.7418
373.618 -22.5481
371.402 -22.3545
369.205 -22.161
367.027 -21.9676
364.869 -21.7744
362.73 -21.5812
360.611 -21.3882
358.511 -21.1953
356.43 -21.0024
354.368 -20.8097
352.325 -20.6171
350.302 -20.4246
348.298 -20.2322
346.313 -20.0399
344.348 -19.8477
342.402 -19.6556
340.474 -19.4636
338.566 -19.2717
336.678 -19.0799
334.808 -18.8881
332.957 -18.6965
331.126 -18.505
329.314 -18.3136
327.521 -18.1222
325.747 -17.931
323.992 -17.7398
322.256 -17.5487
320.539 -17.3578
318.842 -17.1669
317.163 -16.976
315.504 -16.7853
313.863 -16.5947
312.242 -16.4041
310.64 -16.2136
309.056 -16.0233
307.492 -15.8329
305.947 -15.6427
304.421 -15.4526
302.913 -15.2625
301.425 -15.0725
299.956 -14.8825
298.506 -14.6927
297.074 -14.5029
295.662 -14.3132
294.269 -14.1236
292.894 -13.934
291.539 -13.7445
290.202 -13.5551
288.884 -13.3658
287.586 -13.1765
286.306 -12.9873
285.045 -12.7981
283.803 -12.609
282.58 -12.42
281.376 -12.231
280.19 -12.0421
279.024 -11.8533
277.876 -11.6645
276.748 -11.4758
275.638 -11.2871
274.547 -11.0985
273.475 -10.9099
272.421 -10.7215
271.384 -10.533
270.357 -10.3764
269.339 -10.2624
268.327 -10.1823
267.319 -10.1242
266.315 -10.0787
265.315 -10.0395
264.318 -10.0033
263.324 -9.96824
262.334 -9.93357
261.348 -9.899
260.365 -9.86443
259.386 -9.82989
258.409 -9.79541
257.437 -9.761
256.467 -9.7267
255.502 -9.6925
254.539 -9.65842
253.58 -9.62446
252.624 -9.59062
251.672 -9.55689
250.723 -9.52329
249.777 -9.4898
248.835 -9.45643
247.896 -9.42318
246.96 -9.39005
246.028 -9.35703
245.099 -9.32413
244.173 -9.29134
243.25 -9.25867
242.331 -9.22612
241.415 -9.19368
240.502 -9.16135
239.592 -9.12913
238.686 -9.09703
237.783 -9.06504
236.882 -9.03317
235.985 -9.0014
235.092 -8.96975
234.201 -8.93821
233.313 -8.90678
232.429 -8.87546
231.548 -8.84425
230.669 -8.81315
229.794 -8.78216
228.922 -8.75128
228.053 -8.72051
227.187 -8.68984
226.324 -8.65928
225.465 -8.62883
224.608 -8.59849
223.754 -8.56825
222.903 -8.53812
222.055 -8.5081
221.21 -8.47818
220.369 -8.44836
219.53 -8.41866
218.694 -8.38905
217.861 -8.35955
217.031 -8.33015
216.203 -8.30086
215.379 -8.27167
214.558 -8.24258
213.739 -8.21359
212.924 -8.18471
212.111 -8.15593
211.301 -8.12725
210.494 -8.09867
209.69 -8.07019
208.889 -8.04181
208.09 -8.01353
207.294 -7.98534
206.501 -7.95726
205.711 -7.92928
204.924 -7.90139
204.139 -7.87361
203.358 -7.84592
202.578 -7.81833
201.802 -7.79083
201.028 -7.76343
200.258 -7.73613
199.489 -7.70892
198.724 -7.68181
197.961 -7.6548
197.201 -7.62788
196.444 -7.60105
195.689 -7.57432
194.937 -7.54768
194.187 -7.52114
193.44 -7.49469
192.696 -7.46833
191.955 -7.44206
191.216 -7.41589
190.479 -7.38981
189.745 -7.36382
189.014 -7.33792
188.286 -7.31212
187.56 -7.2864
186.836 -7.26078
186.115 -7.23524
185.397 -7.20979
184.681 -7.18444
183.967 -7.15917
183.256 -7.13399
182.548 -7.1089
181.842 -7.0839
181.139 -7.05899
180.438 -7.03416
179.739 -7.00942
179.043 -6.98477
178.35 -6.9602
177.659 -6.93572
176.97 -6.91133
176.284 -6.88702
175.6 -6.8628
174.918 -6.83866
174.239 -6.81461
173.562 -6.79064
172.888 -6.76676
172.216 -6.74296
171.547 -6.71925
170.88 -6.69561
170.215 -6.67206
169.552 -6.6486
168.892 -6.62521
168.234 -6.60191
167.579 -6.57869
166.925 -6.55555
166.274 -6.5325
165.626 -6.50952
164.979 -6.48663
164.335 -6.46381
163.693 -6.44108
163.054 -6.41842
162.416 -6.39585
161.781 -6.37335
161.148 -6.35093
160.518 -6.3286
159.889 -6.30634
159.263 -6.28416
158.639 -6.26205
158.017 -6.24003
157.398 -6.21808
156.78 -6.19621
156.165 -6.17442
155.552 -6.1527
154.941 -6.13106
154.332 -6.10949
153.726 -6.088
153.121 -6.06659
152.519 -6.04525
151.918 -6.02399
151.32 -6.0028
150.724 -5.98169
150.13 -5.96065
149.538 -5.93968
148.948 -5.91879
148.361 -5.89797
147.775 -5.87723
147.191 -5.85655
146.61 -5.83595
146.03 -5.81543
145.453 -5.79497
144.878 -5.77459
144.304 -5.75428
143.733 -5.73404
143.163 -5.71387
142.596 -5.69377
142.031 -5.67374
141.467 -5.65378
140.906 -5.6339
140.346 -5.61408
139.789 -5.59433
139.233 -5.57465
138.68 -5.55505
138.128 -5.53551
137.579 -5.51604
137.031 -5.49663
136.485 -5.4773
135.941 -5.45803
135.399 -5.43883
134.859 -5.4197
134.321 -5.40064
133.785 -5.38164
133.25 -5.36271
132.718 -5.34385
132.187 -5.32505
131.658 -5.30632
131.132 -5.28765
130.606 -5.26905
130.083 -5.25052
129.562 -5.23205
129.042 -5.21365
128.525 -5.19531
128.009 -5.17703
127.495 -5.15882
126.982 -5.14067
126.472 -5.12259
125.963 -5.10457
125.456 -5.08661
124.951 -5.06872
124.448 -5.05089
123.947 -5.03312
123.447 -5.01542
122.949 -4.99778
122.452 -4.9802
121.958 -4.96268
121.465 -4.94522
120.974 -4.92782
120.485 -4.91049
119.997 -4.89322
119.511 -4.876
119.027 -4.85885
118.545 -4.84176
118.064 -4.82473
117.585 -4.80776
117.107 -4.79084
116.632 -4.77399
116.158 -4.7572
115.685 -4.74046
115.215 -4.72379
114.745 -4.70717
114.278 -4.69061
113.812 -4.67411
113.348 -4.65767
112.886 -4.64128
112.425 -4.62495
111.966 -4.60869
111.508 -4.59247
111.052 -4.57632
110.597 -4.56022
110.145 -4.54418
109.693 -4.52819
109.244 -4.51226
108.796 -4.49639
108.349 -4.48057
107.904 -4.46481
107.461 -4.4491
107.019 -4.43345
106.579 -4.41785
106.14 -4.40231
105.703 -4.38683
105.268 -4.37139
104.834 -4.35602
104.401 -4.34069
103.97 -4.32542
103.54 -4.31021
103.112 -4.29504
102.686 -4.27993
102.261 -4.26488
101.837 -4.24987
101.415 -4.23492
100.995 -4.22002
100.576 -4.20518
100.158 -4.19038
99.7423 -4.17564
99.3276 -4.16095
98.9145 -4.14632
98.5027 -4.13173
98.0925 -4.11719
97.6836 -4.10271
97.2762 -4.08828
96.8703 -4.07389
96.4658 -4.05956
96.0627 -4.04528
95.661 -4.03105
95.2607 -4.01687
94.8618 -4.00274
94.4644 -3.98865
94.0683 -3.97462
93.6736 -3.96064
93.2804 -3.94671
92.8885 -3.93282
92.4979 -3.91899
92.1088 -3.9052
91.721 -3.89146
91.3346 -3.87777
90.9495 -3.86413
90.5658 -3.85053
90.1835 -3.83699
89.8025 -3.82349
89.4228 -3.81004
89.0445 -3.79663
88.6675 -3.78328
88.2918 -3.76997
87.9175 -3.7567
87.5445 -3.74349
87.1727 -3.73032
86.8023 -3.71719
86.4332 -3.70412
86.0654 -3.69108
85.6989 -3.6781
85.3337 -3.66516
84.9697 -3.65226
84.6071 -3.63941
84.2457 -3.62661
83.8856 -3.61385
83.5267 -3.60114
83.1691 -3.58847
82.8128 -3.57584
82.4577 -3.56326
82.1039 -3.55073
81.7513 -3.53824
81.4 -3.52579
81.0499 -3.51338
80.701 -3.50102
80.3534 -3.48871
80.007 -3.47643
79.6618 -3.4642
79.3178 -3.45201
78.975 -3.43987
78.6334 -3.42777
78.2931 -3.41571
77.9539 -3.40369
77.6159 -3.39171
77.2791 -3.37978
76.9435 -3.36789
76.6091 -3.35604
76.2758 -3.34423
75.9438 -3.33247
75.6129 -3.32074
75.2831 -3.30906
74.9545 -3.29742
74.6271 -3.28582
74.3008 -3.27426
73.9757 -3.26274
73.6517 -3.25126
73.3289 -3.23982
73.0072 -3.22842
72.6866 -3.21706
72.3672 -3.20574
72.0488 -3.19447
71.7316 -3.18323
71.4155 -3.17203
71.1006 -3.16087
70.7867 -3.14975
70.4739 -3.13866
70.1623 -3.12762
69.8517 -3.11662
69.5422 -3.10565
69.2339 -3.09473
68.9266 -3.08384
68.6203 -3.07299
68.3152 -3.06218
68.0111 -3.0514
67.7081 -3.04067
67.4062 -3.02997
67.1053 -3.01931
66.8055 -3.00868
66.5068 -2.9981
66.2091 -2.98755
65.9124 -2.97704
65.6168 -2.96657
65.3222 -2.95613
65.0287 -2.94573
64.7362 -2.93536
64.4447 -2.92504
64.1543 -2.91474
63.8648 -2.90449
63.5764 -2.89427
63.289 -2.88409
63.0027 -2.87394
62.7173 -2.86383
62.4329 -2.85375
62.1495 -2.84371
61.8672 -2.83371
61.5858 -2.82374
61.3054 -2.8138
61.026 -2.8039
60.7476 -2.79404
60.4701 -2.7842
60.1937 -2.77441
59.9182 -2.76465
59.6437 -2.75492
59.3701 -2.74523
59.0975 -2.73557
58.8259 -2.72594
58.5552 -2.71635
58.2855 -2.70679
58.0167 -2.69727
57.7488 -2.68778
57.482 -2.67832
57.216 -2.6689
56.951 -2.65951
56.6869 -2.65015
56.4238 -2.64083
56.1615 -2.63154
55.9002 -2.62228
55.6398 -2.61305
55.3804 -2.60386
55.1218 -2.5947
54.8642 -2.58557
54.6074 -2.57647
54.3516 -2.5674
54.0966 -2.55837
53.8426 -2.54937
53.5895 -2.5404
53.3372 -2.53146
53.0858 -2.52255
52.8354 -2.51368
52.5858 -2.50483
52.337 -2.49602
52.0892 -2.48724
51.8422 -2.47849
51.5961 -2.46977
51.3509 -2.46108
51.1065 -2.45242
50.863 -2.44379
50.6203 -2.43519
50.3785 -2.42662
50.1375 -2.41808
49.8974 -2.40957
49.6582 -2.4011
49.4197 -2.39265
49.1821 -2.38423
48.9454 -2.37584
48.7095 -2.36748
48.4744 -2.35915
48.2401 -2.35085
48.0067 -2.34258
47.7741 -2.33434
47.5423 -2.32612
47.3113 -2.31794
47.0812 -2.30978
46.8518 -2.30165
46.6233 -2.29356
46.3955 -2.28549
46.1686 -2.27744
45.9424 -2.26943
45.7171 -2.26145
45.4925 -2.25349
45.2688 -2.24556
45.0458 -2.23766
44.8236 -2.22978
44.6022 -2.22194
44.3815 -2.21412
44.1617 -2.20633
43.9426 -2.19857
43.7243 -2.19083
43.5067 -2.18312
43.29 -2.17544
43.0739 -2.16779
42.8587 -2.16016
42.6442 -2.15256
42.4304 -2.14498
42.2175 -2.13744
42.0052 -2.12992
41.7937 -2.12242
41.583 -2.11495
41.373 -2.10751
41.1637 -2.1001
40.9552 -2.09271
40.7474 -2.08534
40.5403 -2.078
40.3339 -2.07069
40.1283 -2.06341
39.9234 -2.05615
39.7193 -2.04891
39.5158 -2.0417
39.3131 -2.03452
39.1111 -2.02736
38.9097 -2.02023
38.7091 -2.01312
38.5092 -2.00603
38.31 -1.99898
38.1116 -1.99194
37.9138 -1.98493
37.7167 -1.97795
37.5203 -1.97099
37.3245 -1.96405
37.1295 -1.95714
36.9352 -1.95026
36.7415 -1.94339
36.5485 -1.93655
36.3563 -1.92974
36.1646 -1.92295
35.9737 -1.91618
35.7834 -1.90944
35.5938 -1.90272
35.4049 -1.89603
35.2166 -1.88936
35.029 -1.88271
34.8421 -1.87608
34.6558 -1.86948
34.4701 -1.8629
34.2851 -1.85635
34.1008 -1.84982
33.9171 -1.84331
33.7341 -1.83682
33.5517 -1.83036
33.37 -1.82392
33.1888 -1.8175
33.0084 -1.8111
32.8285 -1.80473
32.6493 -1.79838
32.4708 -1.79205
32.2928 -1.78575
32.1155 -1.77946
31.9388 -1.7732
31.7627 -1.76696
31.5873 -1.76075
31.4124 -1.75455
31.2382 -1.74838
31.0646 -1.74222
30.8916 -1.73609
30.7192 -1.72998
30.5474 -1.7239
30.3762 -1.71783
30.2057 -1.71179
30.0357 -1.70576
29.8663 -1.69976
29.6975 -1.69378
29.5293 -1.68782
29.3617 -1.68188
29.1947 -1.67596
29.0283 -1.67006
28.8625 -1.66419
28.6972 -1.65833
28.5326 -1.6525
28.3685 -1.64668
28.205 -1.64089
28.042 -1.63511
27.8797 -1.62936
27.7179 -1.62363
27.5567 -1.61791
27.396 -1.61222
27.2359 -1.60655
27.0764 -1.60089
26.9174 -1.59526
26.759 -1.58965
26.6012 -1.58405
26.4439 -1.57848
26.2871 -1.57293
26.131 -1.56739
25.9753 -1.56187
25.8202 -1.55638
25.6657 -1.5509
25.5117 -1.54544
25.3582 -1.54001
25.2053 -1.53459
25.0529 -1.52919
24.9011 -1.52381
24.7498 -1.51844
24.599 -1.5131
24.4487 -1.50778
24.299 -1.50247
24.1498 -1.49718
24.0012 -1.49192
23.853 -1.48667
23.7054 -1.48143
23.5583 -1.47622
23.4117 -1.47103
23.2656 -1.46585
23.1201 -1.46069
22.975 -1.45555
22.8305 -1.45043
22.6865 -1.44533
22.543 -1.44024
22.4 -1.43517
22.2574 -1.43012
22.1154 -1.42509
21.9739 -1.42008
21.8329 -1.41508
21.6924 -1.4101
21.5524 -1.40514
21.4129 -1.40019
21.2738 -1.39527
21.1353 -1.39036
20.9972 -1.38546
20.8596 -1.38059
20.7226 -1.37573
20.586 -1.37089
20.4498 -1.36606
20.3142 -1.36126
20.179 -1.35647
20.0443 -1.35169
19.9101 -1.34694
19.7763 -1.3422
19.6431 -1.33748
19.5103 -1.33277
19.3779 -1.32808
19.246 -1.32341
19.1146 -1.31875
18.9837 -1.31411
18.8532 -1.30948
18.7232 -1.30488
18.5936 -1.30028
18.4645 -1.29571
18.3358 -1.29115
18.2076 -1.28661
18.0799 -1.28208
17.9526 -1.27757
17.8257 -1.27307
17.6993 -1.26859
17.5733 -1.26413
17.4478 -1.25968
17.3227 -1.25525
17.1981 -1.25083
17.0739 -1.24643
16.9501 -1.24204
16.8268 -1.23767
16.7039 -1.23331
16.5814 -1.22897
16.4594 -1.22465
16.3378 -1.22034
16.2166 -1.21605
16.0958 -1.21177
15.9755 -1.2075
15.8556 -1.20325
15.7361 -1.19902
15.6171 -1.1948
15.4984 -1.1906
15.3802 -1.18641
15.2624 -1.18223
15.145 -1.17807
15.028 -1.17393
14.9115 -1.16979
14.7953 -1.16568
14.6796 -1.16158
14.5642 -1.15749
14.4493 -1.15342
14.3347 -1.14936
14.2206 -1.14531
14.1069 -1.14128
13.9936 -1.13727
13.8806 -1.13326
13.7681 -1.12928
13.656 -1.1253
13.5442 -1.12134
13.4329 -1.1174
13.3219 -1.11346
13.2114 -1.10955
13.1012 -1.10564
12.9914 -1.10175
12.882 -1.09787
12.773 -1.09401
12.6644 -1.09016
12.5561 -1.08632
12.4482 -1.0825
12.3407 -1.07869
12.2336 -1.0749
12.1269 -1.07111
12.0205 -1.06734
11.9146 -1.06359
11.8089 -1.05984
11.7037 -1.05612
11.5988 -1.0524
11.4943 -1.0487
11.3902 -1.04501
11.2864 -1.04133
11.183 -1.03766
11.08 -1.03401
10.9773 -1.03037
10.875 -1.02675
10.7731 -1.02313
10.6715 -1.01953
10.5702 -1.01595
10.4693 -1.01237
10.3688 -1.00881
10.2686 -1.00526
10.1688 -1.00172
10.0694 -0.998196
9.97024 -0.994683
9.87147 -0.991183
9.77305 -0.987695
9.67497 -0.984219
9.57724 -0.980755
9.47986 -0.977304
9.38281 -0.973865
9.28611 -0.970438
9.18975 -0.967023
9.09372 -0.96362
8.99804 -0.960229
8.90269 -0.95685
8.80768 -0.953482
8.713 -0.950127
8.61866 -0.946784
8.52464 -0.943452
8.43096 -0.940132
8.33761 -0.936823
8.24458 -0.933527
8.15189 -0.930242
8.05952 -0.926968
7.96747 -0.923706
7.87575 -0.920455
7.78435 -0.917216
7.69327 -0.913989
7.60252 -0.910772
7.51208 -0.907567
7.42196 -0.904373
7.33216 -0.901191
7.24267 -0.898019
7.1535 -0.894859
7.06464 -0.89171
6.9761 -0.888572
6.88787 -0.885445
6.79994 -0.882329
6.71233 -0.879224
6.62503 -0.87613
6.53803 -0.873047
6.45134 -0.869975
6.36495 -0.866913
6.27887 -0.863863
6.19309 -0.860823
6.10761 -0.857793
6.02243 -0.854775
5.93756 -0.851767
5.85298 -0.848769
5.7687 -0.845782
5.68471 -0.842806
5.60103 -0.83984
5.51763 -0.836885
5.43453 -0.833939
5.35172 -0.831005
5.26921 -0.82808
5.18698 -0.825166
5.10504 -0.822262
5.0234 -0.819369
4.94203 -0.816485
4.86096 -0.813612
4.78017 -0.810749
4.69966 -0.807896
4.61944 -0.805053
4.5395 -0.80222
4.45984 -0.799397
4.38047 -0.796584
4.30137 -0.79378
4.22255 -0.790987
4.144 -0.788203
4.06574 -0.78543
3.98775 -0.782666
3.91003 -0.779911
3.83259 -0.777167
3.75542 -0.774432
3.67852 -0.771706
3.60189 -0.768991
3.52553 -0.766285
3.44944 -0.763588
3.37362 -0.760901
3.29806 -0.758223
3.22277 -0.755555
3.14775 -0.752896
3.07299 -0.750246
2.99849 -0.747606
2.92425 -0.744975
2.85028 -0.742354
2.77657 -0.739741
2.70311 -0.737138
2.62992 -0.734544
2.55698 -0.731959
2.4843 -0.729383
2.41187 -0.726816
2.3397 -0.724259
2.26778 -0.72171
2.19612 -0.71917
2.12471 -0.716639
2.05355 -0.714117
1.98264 -0.711604
1.91198 -0.7091
1.84156 -0.706605
1.7714 -0.704118
1.70148 -0.70164
1.63181 -0.699171
1.56239 -0.69671
1.4932 -0.694259
1.42427 -0.691815
1.35557 -0.689381
1.28712 -0.686955
1.2189 -0.684537
1.15093 -0.682128
1.0832 -0.679728
1.0157 -0.677336
0.948445 -0.674952
0.881424 -0.672577
0.814639 -0.67021
0.748089 -0.667851
0.681773 -0.665501
0.61569 -0.663159
0.54984 -0.660825
0.484222 -0.6585
9999.96 0
9999.89 -0.371467
9999.78 -0.742935
9999.63 -1.1144
9999.44 -1.48587
9999.22 -1.85733
9998.96 -2.22878
9998.66 -2.60023
9998.33 -2.97167
9997.96 -3.3431
9997.55 -3.71452
9997.1 -4.08593
9996.62 -4.45733
9996.1 -4.8287
9995.54 -5.20007
9994.95 -5.57141
9994.32 -5.94273
9993.65 -6.31403
9992.94 -6.68531
9992.2 -7.05657
9991.42 -7.42779
9990.6 -7.799
9989.75 -8.17017
9988.86 -8.54131
9987.93 -8.91242
9986.96 -9.2835
9985.96 -9.65454
9984.92 -10.0255
9983.84 -10.3965
9982.73 -10.7674
9981.58 -11.1383
9980.39 -11.5092
9979.17 -11.88
9977.9 -12.2507
9976.61 -12.6215
9975.27 -12.9921
9973.9 -13.3627
9972.49 -13.7333
9971.04 -14.1038
9969.55 -14.4743
9968.03 -14.8447
9966.47 -15.215
9964.88 -15.5853
9963.25 -15.9555
9961.58 -16.3257
9959.87 -16.6958
9958.13 -17.0658
9956.35 -17.4358
9954.53 -17.8057
9952.67 -18.1755
9950.78 -18.5453
9948.85 -18.915
9946.89 -19.2846
9944.89 -19.6542
9942.85 -20.0236
9940.77 -20.393
9938.66 -20.7623
9936.51 -21.1316
9934.32 -21.5007
9932.1 -21.8698
9929.84 -22.2387
9927.54 -22.6076
9925.2 -22.9764
9922.83 -23.3452
9920.42 -23.7138
9917.98 -24.0823
9915.5 -24.4508
9912.98 -24.8191
9910.42 -25.1873
9907.83 -25.5555
9905.2 -25.9235
9902.53 -26.2915
9899.83 -26.6593
9897.09 -27.0271
9894.32 -27.3947
9891.5 -27.7622
9888.65 -28.1296
9885.77 -28.4969
9882.84 -28.8641
9879.88 -29.2312
9876.89 -29.5982
9873.85 -29.965
9870.78 -30.3317
9867.68 -30.6984
9864.54 -31.0648
9861.36 -31.4312
9858.14 -31.7975
9854.89 -32.1636
9851.6 -32.5296
9848.27 -32.8954
9844.91 -33.2611
9841.51 -33.6267
9838.07 -33.9922
9834.6 -34.3575
9831.09 -34.7227
9827.55 -35.0878
9823.96 -35.4527
9820.35 -35.8175
9816.69 -36.1821
9813 -36.5466
9809.27 -36.911
9805.51 -37.2752
9801.71 -37.6392
9797.87 -38.0031
9794 -38.3669
9790.09 -38.7305
9786.14 -39.0939
9782.16 -39.4572
9778.14 -39.8203
9774.09 -40.1833
9770 -40.5461
9765.87 -40.9088
9761.71 -41.2713
9757.51 -41.6336
9753.27 -41.9957
9749 -42.3577
9744.69 -42.7195
9740.35 -43.0812
9735.97 -43.4427
9731.55 -43.804
9727.1 -44.1651
9722.61 -44.526
9718.09 -44.8868
9713.52 -45.2474
9708.93 -45.6078
9704.29 -45.968
9699.63 -46.3281
9694.92 -46.6879
9690.18 -47.0476
9685.4 -47.4071
9680.59 -47.7664
9675.74 -48.1255
9670.86 -48.4844
9665.94 -48.8431
9660.98 -49.2016
9655.99 -49.5599
9650.96 -49.918
9645.9 -50.2759
9640.8 -50.6336
9635.67 -50.9911
9630.5 -51.3484
9625.29 -51.7055
9620.05 -52.0624
9614.77 -52.4191
9609.46 -52.7755
9604.11 -53.1318
9598.72 -53.4878
9593.3 -53.8436
9587.85 -54.1992
9582.36 -54.5546
9576.83 -54.9097
9571.27 -55.2647
9565.67 -55.6194
9560.04 -55.9738
9554.37 -56.3281
9548.67 -56.6821
9542.93 -57.0359
9537.15 -57.3895
9531.34 -57.7428
9525.5 -58.0959
9519.62 -58.4487
9513.7 -58.8014
9507.75 -59.1537
9501.77 -59.5059
9495.75 -59.8578
9489.69 -60.2094
9483.6 -60.5608
9477.47 -60.912
9471.31 -61.2629
9465.11 -61.6135
9458.88 -61.9639
9452.62 -62.3141
9446.32 -62.6639
9439.98 -63.0136
9433.61 -63.363
9427.2 -63.7121
9420.76 -64.0609
9414.29 -64.4095
9407.77 -64.7578
9401.23 -65.1059
9394.65 -65.4537
9388.03 -65.8012
9381.38 -66.1485
9374.7 -66.4954
9367.98 -66.8421
9361.23 -67.1886
9354.44 -67.5347
9347.62 -67.8806
9340.76 -68.2262
9333.87 -68.5715
9326.94 -68.9165
9319.98 -69.2613
9312.99 -69.6057
9305.96 -69.9499
9298.89 -70.2938
9291.8 -70.6373
9284.66 -70.9806
9277.5 -71.3236
9270.3 -71.6663
9263.06 -72.0087
9255.79 -72.3508
9248.49 -72.6926
9241.15 -73.0341
9233.78 -73.3753
9226.37 -73.7162
9218.93 -74.0568
9211.46 -74.3971
9203.95 -74.737
9196.41 -75.0767
9188.84 -75.416
9181.23 -75.7551
9173.58 -76.0938
9165.91 -76.4322
9158.19 -76.7702
9150.45 -77.108
9142.67 -77.4454
9134.86 -77.7825
9127.01 -78.1193
9119.14 -78.4557
9111.22 -78.7919
9103.28 -79.1276
9095.3 -79.4631
9087.28 -79.7982
9079.24 -80.133
9071.16 -80.4675
9063.04 -80.8016
9054.9 -81.1353
9046.72 -81.4688
9038.5 -81.8019
9030.26 -82.1346
9021.98 -82.467
9013.66 -82.799
9005.32 -83.1307
8996.94 -83.4621
8988.52 -83.7931
8980.08 -84.1237
8971.6 -84.454
8963.09 -84.7839
8954.55 -85.1135
8945.97 -85.4427
8937.36 -85.7715
8928.72 -86.1
8920.04 -86.4281
8911.33 -86.7559
8902.59 -87.0832
8893.82 -87.4102
8885.01 -87.7369
8876.17 -88.0631
8867.3 -88.389
8858.4 -88.7145
8849.46 -89.0397
8840.49 -89.3644
8831.49 -89.6888
8822.46 -90.0128
8813.39 -90.3364
8804.29 -90.6596
8795.16 -90.9824
8786 -91.3049
8776.8 -91.6269
8767.58 -91.9486
8758.32 -92.2698
8749.03 -92.5907
8739.7 -92.9112
8730.35 -93.2312
8720.96 -93.5509
8711.54 -93.8702
8702.09 -94.189
8692.61 -94.5075
8683.09 -94.8255
8673.55 -95.1432
8663.97 -95.4604
8654.36 -95.7772
8644.72 -96.0936
8635.05 -96.4096
8625.34 -96.7252
8615.61 -97.0404
8605.84 -97.3551
8596.04 -97.6694
8586.21 -97.9833
8576.35 -98.2968
8566.46 -98.6099
8556.54 -98.9225
8546.58 -99.2347
8536.6 -99.5464
8526.58 -99.8578
8516.53 -100.169
8506.45 -100.479
8496.34 -100.789
8486.2 -101.099
8476.03 -101.408
8465.83 -101.717
8455.59 -102.025
8445.33 -102.333
8435.04 -102.64
8424.71 -102.947
8414.35 -103.253
8403.97 -103.559
8393.55 -103.865
8383.1 -104.17
8372.63 -104.475
8362.12 -104.779
8351.58 -105.083
8341.01 -105.386
8330.41 -105.689
8319.78 -105.991
8309.12 -106.293
8298.43 -106.595
8287.71 -106.896
8276.96 -107.196
8266.18 -107.496
8255.37 -107.796
8244.53 -108.095
8233.67 -108.393
8222.77 -108.691
8211.84 -108.989
8200.88 -109.286
8189.89 -109.583
8178.87 -109.879
8167.83 -110.175
8156.75 -110.47
8145.65 -110.765
8134.51 -111.059
8123.35 -111.353
8112.15 -111.646
8100.93 -111.939
8089.68 -112.231
8078.39 -112.523
8067.08 -112.814
8055.74 -113.105
8044.38 -113.395
8032.98 -113.685
8021.55 -113.974
8010.1 -114.263
7998.61 -114.551
7987.1 -114.839
7975.56 -115.126
7963.99 -115.413
7952.39 -115.699
7940.76 -115.985
7929.11 -116.27
7917.42 -116.555
7905.71 -116.839
7893.97 -117.122
7882.2 -117.406
7870.41 -117.688
7858.58 -117.97
7846.73 -118.252
7834.85 -118.533
7822.94 -118.813
7811 -119.093
7799.03 -119.372
7787.04 -119.651
7775.02 -119.93
7762.97 -120.207
7750.9 -120.485
7738.79 -120.761
7726.66 -121.037
7714.5 -121.313
7702.32 -121.588
7690.1 -121.863
7677.86 -122.137
7665.59 -122.41
7653.3 -122.683
7640.98 -122.955
7628.63 -123.227
7616.25 -123.498
7603.84 -123.769
7591.41 -124.039
7578.96 -124.308
7566.47 -124.577
7553.96 -124.846
7541.42 -125.114
7528.86 -125.381
7516.27 -125.648
7503.65 -125.914
7491 -126.179
7478.33 -126.444
7465.64 -126.709
7452.91 -126.973
7440.16 -127.236
7427.39 -127.499
7414.58 -127.761
7401.76 -128.022
7388.9 -128.283
7376.02 -128.544
7363.11 -128.803
7350.18 -129.063
7337.22 -129.321
7324.24 -129.579
7311.23 -129.837
7298.2 -130.094
7285.14 -130.35
7272.05 -130.606
7258.94 -130.861
7245.8 -131.115
7232.64 -131.369
7219.45 -131.622
7206.24 -131.875
7193 -132.127
7179.74 -132.379
7166.45 -132.629
7153.14 -132.88
7139.8 -133.129
7126.44 -133.378
7113.05 -133.627
7099.64 -133.875
7086.2 -134.122
7072.74 -134.368
7059.25 -134.614
7045.74 -134.86
7032.21 -135.105
7018.65 -135.349
7005.06 -135.592
6991.46 -135.835
6977.82 -136.077
6964.17 -136.319
6950.49 -136.56
6936.78 -136.801
6923.06 -137.04
6909.3 -137.279
6895.53 -137.518
6881.73 -137.756
6867.91 -137.993
6854.06 -138.23
6840.19 -138.466
6826.3 -138.701
6812.38 -138.936
6798.44 -139.17
6784.48 -139.403
6770.49 -139.636
6756.48 -139.868
6742.45 -140.1
6728.39 -140.33
6714.31 -140.561
6700.21 -140.79
6686.08 -141.019
6671.94 -141.247
6657.77 -141.475
6643.57 -141.702
6629.36 -141.928
6615.12 -142.154
6600.86 -142.379
6586.58 -142.603
6572.27 -142.827
6557.95 -143.05
6543.6 -143.272
6529.22 -143.494
6514.83 -143.715
6500.42 -143.935
6485.98 -144.155
6471.52 -144.374
6457.04 -144.593
6442.53 -144.81
6428.01 -145.027
6413.46 -145.244
6398.9 -145.459
6384.31 -145.674
6369.7 -145.889
6355.07 -146.102
6340.41 -146.315
6325.74 -146.528
6311.04 -146.739
6296.33 -146.95
6281.59 -147.161
6266.83 -147.37
6252.05 -147.579
6237.26 -147.788
6222.44 -147.995
6207.59 -148.202
6192.73 -148.408
6177.85 -148.614
6162.95 -148.818
6148.03 -149.023
6133.08 -149.226
6118.12 -149.429
6103.14 -149.631
6088.13 -149.832
6073.11 -150.033
6058.07 -150.233
6043 -150.432
6027.92 -150.631
6012.82 -150.829
5997.7 -151.026
5982.55 -151.222
5967.39 -151.418
5952.21 -151.613
5937.01 -151.808
5921.79 -152.001
5906.55 -152.194
5891.3 -152.387
5876.02 -152.578
5860.72 -152.769
5845.41 -152.959
5830.08 -153.149
5814.72 -153.338
5799.35 -153.526
5783.96 -153.713
5768.55 -153.9
5753.13 -154.086
5737.68 -154.271
5722.22 -154.455
5706.73 -154.639
5691.23 -154.822
5675.71 -155.005
5660.18 -155.186
5644.62 -155.367
5629.05 -155.547
5613.46 -155.727
5597.85 -155.906
5582.23 -156.084
5566.58 -156.261
5550.92 -156.438
5535.24 -156.613
5519.55 -156.789
5503.83 -156.963
5488.1 -157.137
5472.35 -157.31
5456.59 -157.482
5440.8 -157.654
5425.01 -157.824
5409.19 -157.995
5393.36 -158.164
5377.51 -158.333
5361.64 -158.501
5345.76 -158.668
5329.86 -158.834
5313.94 -159
5298.01 -159.165
5282.06 -159.329
5266.09 -159.493
5250.11 -159.656
5234.11 -159.818
5218.1 -159.979
5202.07 -160.14
5186.02 -160.299
5169.96 -160.459
5153.88 -160.617
5137.79 -160.775
5121.68 -160.932
5105.56 -161.088
5089.42 -161.243
5073.26 -161.398
5057.09 -161.552
5040.91 -161.705
5024.7 -161.858
5008.49 -162.009
4992.26 -162.16
4976.01 -162.311
4959.75 -162.46
4943.47 -162.609
4927.18 -162.757
4910.88 -162.905
4894.56 -163.051
4878.22 -163.197
4861.88 -163.342
4845.51 -163.486
4829.14 -163.63
4812.74 -163.773
4796.34 -163.915
4779.92 -164.057
4763.49 -164.197
4747.04 -164.337
4730.58 -164.476
4714.1 -164.615
4697.62 -164.752
4681.16 -164.799
4664.72 -164.645
4648.34 -164.316
4631.99 -163.891
4615.68 -163.467
4599.42 -163.044
4583.2 -162.622
4567.02 -162.2
4550.89 -161.78
4534.79 -161.36
4518.74 -160.941
4502.73 -160.523
4486.76 -160.106
4470.84 -159.689
4454.95 -159.274
4439.1 -158.859
4423.3 -158.446
4407.54 -158.033
4391.82 -157.621
4376.14 -157.21
4360.5 -156.799
4344.9 -156.39
4329.34 -155.981
4313.83 -155.573
4298.35 -155.166
4282.92 -154.76
4267.52 -154.355
4252.17 -153.951
4236.85 -153.547
4221.58 -153.144
4206.34 -152.742
4191.15 -152.341
4176 -151.941
4160.88 -151.542
4145.81 -151.143
4130.77 -150.745
4115.78 -150.348
4100.82 -149.952
4085.9 -149.557
4071.03 -149.162
4056.19 -148.768
4041.39 -148.375
4026.63 -147.983
4011.91 -147.592
3997.23 -147.202
3982.59 -146.812
3967.99 -146.423
3953.42 -146.035
3938.89 -145.648
3924.41 -145.261
3909.96 -144.876
3895.55 -144.491
3881.17 -144.107
3866.84 -143.723
3852.54 -143.341
3838.29 -142.959
3824.07 -142.578
3809.89 -142.198
3795.74 -141.818
3781.64 -141.44
3767.57 -141.062
3753.54 -140.685
3739.54 -140.309
3725.59 -139.933
3711.67 -139.558
3697.79 -139.184
3683.94 -138.811
3670.14 -138.439
3656.37 -138.067
3642.63 -137.696
3628.94 -137.326
3615.28 -136.956
3601.66 -136.588
3588.07 -136.22
3574.52 -135.853
3561.01 -135.486
3547.54 -135.121
3534.1 -134.756
3520.69 -134.391
3507.33 -134.028
3494 -133.665
3480.7 -133.303
3467.45 -132.942
3454.22 -132.582
3441.04 -132.222
3427.89 -131.863
3414.77 -131.505
3401.69 -131.147
3388.65 -130.79
3375.64 -130.434
3362.67 -130.079
3349.73 -129.724
3336.83 -129.37
3323.96 -129.017
3311.13 -128.664
3298.34 -128.312
3285.58 -127.961
3272.85 -127.611
3260.16 -127.261
3247.5 -126.912
3234.88 -126.563
3222.29 -126.216
3209.74 -125.869
3197.22 -125.523
3184.74 -125.177
3172.29 -124.832
3159.88 -124.488
3147.5 -124.145
3135.15 -123.802
3122.84 -123.46
3110.56 -123.118
3098.32 -122.778
3086.11 -122.438
3073.93 -122.098
3061.79 -121.76
3049.68 -121.422
3037.61 -121.084
3025.57 -120.747
3013.56 -120.411
3001.58 -120.076
2989.64 -119.741
2977.74 -119.407
2965.86 -119.074
2954.02 -118.741
2942.21 -118.409
2930.44 -118.078
2918.7 -117.747
2906.99 -117.417
2895.31 -117.088
2883.67 -116.759
2872.06 -116.431
2860.48 -116.103
2848.94 -115.776
2837.42 -115.45
2825.94 -115.124
2814.5 -114.799
2803.08 -114.475
2791.7 -114.151
2780.35 -113.828
2769.03 -113.506
2757.74 -113.184
2746.49 -112.863
2735.27 -112.542
2724.08 -112.222
2712.92 -111.903
2701.79 -111.584
2690.7 -111.266
2679.63 -110.949
2668.6 -110.632
2657.6 -110.316
2646.63 -110
2635.7 -109.685
2624.79 -109.371
2613.92 -109.057
2603.07 -108.744
2592.26 -108.431
2581.48 -108.119
2570.73 -107.808
2560.01 -107.497
2549.32 -107.186
2538.67 -106.877
2528.04 -106.568
2517.45 -106.259
2506.88 -105.951
2496.35 -105.644
2485.84 -105.337
2475.37 -105.031
2464.93 -104.726
2454.52 -104.421
2444.14 -104.116
2433.79 -103.812
2423.47 -103.509
2413.17 -103.206
2402.91 -102.904
2392.68 -102.603
2382.48 -102.302
2372.31 -102.001
2362.17 -101.701
2352.06 -101.402
2341.98 -101.103
2331.93 -100.805
2321.91 -100.507
2311.92 -100.21
2301.96 -99.9138
2292.03 -99.6178
2282.12 -99.3224
2272.25 -99.0274
2262.41 -98.7331
2252.59 -98.4392
2242.81 -98.146
2233.05 -97.8532
2223.32 -97.561
2213.63 -97.2693
2203.96 -96.9781
2194.32 -96.6875
2184.71 -96.3974
2175.12 -96.1079
2165.57 -95.8188
2156.05 -95.5303
2146.55 -95.2423
2137.08 -94.9549
2127.65 -94.6679
2118.24 -94.3815
2108.86 -94.0956
2099.5 -93.8102
2090.18 -93.5253
2080.88 -93.2409
2071.62 -92.957
2062.38 -92.6737
2053.17 -92.3908
2043.98 -92.1085
2034.83 -91.8266
2025.7 -91.5453
2016.6 -91.2644
2007.53 -90.9841
1998.49 -90.7042
1989.48 -90.4248
1980.49 -90.146
1971.53 -89.8676
1962.6 -89.5897
1953.7 -89.3123
1944.82 -89.0354
1935.97 -88.7589
1927.15 -88.483
1918.36 -88.2075
1909.59 -87.9325
1900.85 -87.658
1892.14 -87.384
1883.46 -87.1104
1874.8 -86.8373
1866.17 -86.5647
1857.57 -86.2925
1849 -86.0208
1840.45 -85.7496
1831.93 -85.4789
1823.43 -85.2086
1814.97 -84.9388
1806.53 -84.6694
1798.11 -84.4005
1789.73 -84.132
1781.37 -83.864
1773.03 -83.5965
1764.73 -83.3294
1756.45 -83.0628
1748.2 -82.7966
1739.97 -82.5308
1731.77 -82.2655
1723.6 -82.0007
1715.45 -81.7363
1707.33 -81.4723
1699.23 -81.2088
1691.16 -80.9457
1683.12 -80.683
1675.11 -80.4208
1667.12 -80.159
1659.15 -79.8976
1651.22 -79.6367
1643.3 -79.3762
1635.42 -79.1162
1627.56 -78.8565
1619.72 -78.5973
1611.92 -78.3385
1604.13 -78.0801
1596.38 -77.8222
1588.65 -77.5646
1580.94 -77.3075
1573.26 -77.0508
1565.61 -76.7945
1557.98 -76.5386
1550.38 -76.2831
1542.8 -76.0281
1535.25 -75.7734
1527.72 -75.5192
1520.22 -75.2653
1512.74 -75.0119
1505.29 -74.7588
1497.87 -74.5062
1490.47 -74.2539
1483.09 -74.0021
1475.74 -73.7507
1468.42 -73.4996
1461.12 -73.2489
1453.84 -72.9987
1446.59 -72.7488
1439.37 -72.4993
1432.17 -72.2502
1424.99 -72.0015
1417.84 -71.7531
1410.72 -71.5052
1403.62 -71.2576
1396.54 -71.0104
1389.49 -70.7636
1382.46 -70.5171
1375.46 -70.2711
1368.48 -70.0254
1361.53 -69.7801
1354.6 -69.5351
1347.69 -69.2906
1340.81 -69.0463
1333.96 -68.8025
1327.13 -68.559
1320.32 -68.3159
1313.53 -68.0732
1306.78 -67.8308
1300.04 -67.5887
1293.33 -67.3471
1286.64 -67.1058
1279.98 -66.8648
1273.34 -66.6242
1266.73 -66.3839
1260.14 -66.144
1253.57 -65.9045
1247.03 -65.6653
1240.51 -65.4264
1234.02 -65.1879
1227.54 -64.9498
1221.1 -64.7119
1214.67 -64.4745
1208.27 -64.2373
1201.9 -64.0005
1195.54 -63.7641
1189.21 -63.5279
1182.91 -63.2921
1176.63 -63.0567
1170.37 -62.8216
1164.13 -62.5868
1157.92 -62.3523
1151.73 -62.1182
1145.57 -61.8843
1139.43 -61.6509
1133.31 -61.4177
1127.21 -61.1849
1121.14 -60.9523
1115.09 -60.7201
1109.07 -60.4883
1103.06 -60.2567
1097.08 -60.0255
1091.13 -59.7945
1085.19 -59.5639
1079.28 -59.3336
1073.4 -59.1036
1067.53 -58.8739
1061.69 -58.6446
1055.87 -58.4155
1050.08 -58.1867
1044.3 -57.9583
1038.55 -57.7301
1032.82 -57.5023
1027.12 -57.2747
1021.44 -57.0475
1015.78 -56.8205
1010.14 -56.5939
1004.53 -56.3675
998.936 -56.1414
993.367 -55.9157
987.821 -55.6902
982.297 -55.465
976.795 -55.2401
971.316 -55.0155
965.859 -54.7911
960.425 -54.5671
955.013 -54.3433
949.623 -54.1199
944.256 -53.8967
938.911 -53.6738
933.588 -53.4511
928.287 -53.2288
923.009 -53.0067
917.753 -52.7849
912.518 -52.5633
907.306 -52.3421
902.116 -52.1211
896.948 -51.9004
891.802 -51.6799
886.678 -51.4598
881.576 -51.2398
876.496 -51.0202
871.438 -50.8008
866.402 -50.5817
861.387 -50.3628
856.395 -50.1442
851.424 -49.9259
846.475 -49.7078
841.548 -49.49
836.642 -49.2724
831.758 -49.0551
826.896 -48.8381
822.056 -48.6213
817.237 -48.4047
812.44 -48.1884
807.664 -47.9724
802.91 -47.7565
798.177 -47.541
793.466 -47.3257
788.777 -47.1106
784.109 -46.8958
779.462 -46.6812
774.837 -46.4668
770.233 -46.2527
765.65 -46.0388
761.089 -45.8252
756.549 -45.6118
752.031 -45.3986
747.533 -45.1857
743.057 -44.973
738.602 -44.7605
734.169 -44.5483
729.756 -44.3363
725.365 -44.1245
720.995 -43.913
716.646 -43.7016
712.318 -43.4905
708.011 -43.2797
703.725 -43.069
699.46 -42.8586
695.216 -42.6483
690.994 -42.4383
686.792 -42.2285
682.611 -42.019
678.451 -41.8096
674.311 -41.6005
670.193 -41.3916
666.096 -41.1828
662.019 -40.9743
657.963 -40.7661
653.928 -40.558
649.914 -40.3501
645.921 -40.1424
641.948 -39.9349
637.996 -39.7277
634.064 -39.5206
630.154 -39.3138
626.264 -39.1071
622.394 -38.9007
618.545 -38.6944
614.717 -38.4883
610.909 -38.2825
607.122 -38.0768
603.356 -37.8713
599.61 -37.666
595.884 -37.4609
592.179 -37.256
588.494 -37.0513
584.83 -36.8468
581.186 -36.6425
577.563 -36.4383
573.96 -36.2343
570.377 -36.0306
566.815 -35.827
563.273 -35.6235
559.751 -35.4203
556.249 -35.2173
552.768 -35.0144
549.307 -34.8117
545.867 -34.6092
542.446 -34.4068
539.046 -34.2046
535.666 -34.0026
532.306 -33.8008
528.966 -33.5992
525.646 -33.3977
522.347 -33.1964
519.068 -32.9952
515.808 -32.7942
512.569 -32.5934
509.35 -32.3928
506.15 -32.1923
502.971 -31.992
499.812 -31.7918
496.673 -31.5918
493.554 -31.392
490.454 -31.1923
487.375 -30.9928
484.316 -30.7934
481.276 -30.5942
478.257 -30.3952
475.257 -30.1963
472.277 -29.9975
469.317 -29.7989
466.377 -29.6005
463.456 -29.4022
460.556 -29.204
457.675 -29.006
454.814 -28.8082
451.972 -28.6105
449.151 -28.4129
446.349 -28.2155
443.567 -28.0182
440.805 -27.821
438.062 -27.6241
435.339 -27.4272
432.635 -27.2305
429.952 -27.0339
427.288 -26.8374
424.643 -26.6411
422.018 -26.445
419.413 -26.2489
416.827 -26.053
414.261 -25.8572
411.714 -25.6616
409.187 -25.4661
406.68 -25.2707
404.192 -25.0754
401.723 -24.8803
399.274 -24.6852
396.845 -24.4903
394.435 -24.2956
392.044 -24.1009
389.673 -23.9064
387.321 -23.712
384.989 -23.5177
382.676 -23.3236
380.382 -23.1295
378.108 -22.9356
375.853 -22.7418
373.618 -22.5481
371.402 -22.3545
369.205 -22.161
367.027 -21.9676
364.869 -21.7744
362.73 -21.5812
360.611 -21.3882
358.511 -21.1953
356.43 -21.0024
354.368 -20.8097
352.325 -20.6171
350.302 -20.4246
348.298 -20.2322
346.313 -20.0399
344.348 -19.8477
342.402 -19.6556
340.474 -19.4636
338.566 -19.2717
336.678 -19.0799
334.808 -18.8881
332.957 -18.6965
331.126 -18.505
329.314 -18.3136
327.521 -18.1222
325.747 -17.931
323.992 -17.7398
322.256 -17.5487
320.539 -17.3578
318.842 -17.1669
317.163 -16.976
315.504 -16.7853
313.863 -16.5947
312.242 -16.4041
310.64 -16.2136
309.056 -16.0233
307.492 -15.8329
305.947 -15.6427
304.421 -15.4526
302.913 -15.2625
301.425 -15.0725
299.956 -14.8825
298.506 -14.6927
297.074 -14.5029
295.662 -14.3132
294.269 -14.1236
292.894 -13.934
291.539 -13.7445
290.202 -13.5551
288.884 -13.3658
287.586 -13.1765
286.306 -12.9873
285.045 -12.7981
283.803 -12.609
282.58 -12.42
281.376 -12.231
280.19 -12.0421
279.024 -11.8533
277.876 -11.6645
276.748 -11.4758
275.638 -11.2871
274.547 -11.0985
273.475 -10.9099
272.421 -10.7215
271.384 -10.533
270.357 -10.3764
269.339 -10.2624
268.327 -10.1823
267.319 -10.1242
266.315 -10.0787
265.315 -10.0395
264.318 -10.0033
263.324 -9.96824
262.334 -9.93357
261.348 -9.899
260.365 -9.86443
259.386 -9.82989
258.409 -9.79541
257.437 -9.761
256.467 -9.7267
255.502 -9.6925
254.539 -9.65842
253.58 -9.62446
252.624 -9.59062
251.672 -9.55689
250.723 -9.52329
249.777 -9.4898
248.835 -9.45643
247.896 -9.42318
246.96 -9.39005
246.028 -9.35703
245.099 -9.32413
244.173 -9.29134
243.25 -9.25867
242.331 -9.22612
241.415 -9.19368
240.502 -9.16135
239.592 -9.12913
238.686 -9.09703
237.783 -9.06504
236.882 -9.03317
235.985 -9.0014
235.092 -8.96975
234.201 -8.93821
233.313 -8.90678
232.429 -8.87546
231.548 -8.84425
230.669 -8.81315
229.794 -8.78216
228.922 -8.75128
228.053 -8.72051
227.187 -8.68984
226.324 -8.65928
225.465 -8.62883
224.608 -8.59849
223.754 -8.56825
222.903 -8.53812
222.055 -8.5081
221.21 -8.47818
220.369 -8.44836
219.53 -8.41866
218.694 -8.38905
217.861 -8.35955
217.031 -8.33015
216.203 -8.30086
215.379 -8.27167
214.558 -8.24258
213.739 -8.21359
212.924 -8.18471
212.111 -8.15593
211.301 -8.12725
210.494 -8.09867
209.69 -8.07019
208.889 -8.04181
208.09 -8.01353
207.294 -7.98534
206.501 -7.95726
205.711 -7.92928
204.924 -7.90139
204.139 -7.87361
203.358 -7.84592
202.578 -7.81833
201.802 -7.79083
201.028 -7.76343
200.258 -7.73613
199.489 -7.70892
198.724 -7.68181
197.961 -7.6548
197.201 -7.62788
196.444 -7.60105
195.689 -7.57432
194.937 -7.54768
194.187 -7.52114
193.44 -7.49469
192.696 -7.46833
191.955 -7.44206
191.216 -7.41589
190.479 -7.38981
189.745 -7.36382
189.014 -7.33792
188.286 -7.31212
187.56 -7.2864
186.836 -7.26078
186.115 -7.23524
185.397 -7.20979
184.681 -7.18444
183.967 -7.15917
183.256 -7.13399
182.548 -7.1089
181.842 -7.0839
181.139 -7.05899
180.438 -7.03416
179.739 -7.00942
179.043 -6.98477
178.35 -6.9602
177.659 -6.93572
176.97 -6.91133
176.284 -6.88702
175.6 -6.8628
174.918 -6.83866
174.239 -6.81461
173.562 -6.79064
172.888 -6.76676
172.216 -6.74296
171.547 -6.71925
170.88 -6.69561
170.215 -6.67206
169.552 -6.6486
168.892 -6.62521
168.234 -6.60191
167.579 -6.57869
166.925 -6.55555
166.274 -6.5325
165.626 -6.50952
164.979 -6.48663
164.335 -6.46381
163.693 -6.44108
163.054 -6.41842
162.416 -6.39585
161.781 -6.37335
161.148 -6.35093
160.518 -6.3286
159.889 -6.30634
159.263 -6.28416
158.639 -6.26205
158.017 -6.24003
157.398 -6.21808
156.78 -6.19621
156.165 -6.17442
155.552 -6.1527
154.941 -6.13106
154.332 -6.10949
153.726 -6.088
153.121 -6.06659
152.519 -6.04525
151.918 -6.02399
151.32 -6.0028
150.724 -5.98169
150.13 -5.96065
149.538 -5.93968
148.948 -5.91879
148.361 -5.89797
147.775 -5.87723
147.191 -5.85655
146.61 -5.83595
146.03 -5.81543
145.453 -5.79497
144.878 -5.77459
144.304 -5.75428
143.733 -5.73404
143.163 -5.71387
142.596 -5.69377
142.031 -5.67374
141.467 -5.65378
140.906 -5.6339
140.346 -5.61408
139.789 -5.59433
139.233 -5.57465
138.68 -5.55505
138.128 -5.53551
137.579 -5.51604
137.031 -5.49663
136.485 -5.4773
135.941 -5.45803
135.399 -5.43883
134.859 -5.4197
134.321 -5.40064
133.785 -5.38164
133.25 -5.36271
132.718 -5.34385
132.187 -5.32505
131.658 -5.30632
131.132 -5.28765
130.606 -5.26905
130.083 -5.25052
129.562 -5.23205
129.042 -5.21365
128.525 -5.19531
128.009 -5.17703
127.495 -5.15882
126.982 -5.14067
126.472 -5.12259
125.963 -5.10457
125.456 -5.08661
124.951 -5.06872
124.448 -5.05089
123.947 -5.03312
123.447 -5.01542
122.949 -4.99778
122.452 -4.9802
121.958 -4.96268
121.465 -4.94522
120.974 -4.92782
120.485 -4.91049
119.997 -4.89322
119.511 -4.876
119.027 -4.85885
118.545 -4.84176
118.064 -4.82473
117.585 -4.80776
117.107 -4.79084
116.632 -4.77399
116.158 -4.7572
115.685 -4.74046
115.215 -4.72379
114.745 -4.70717
114.278 -4.69061
113.812 -4.67411
113.348 -4.65767
112.886 -4.64128
112.425 -4.62495
111.966 -4.60869
111.508 -4.59247
111.052 -4.57632
110.597 -4.56022
110.145 -4.54418
109.693 -4.52819
109.244 -4.51226
108.796 -4.49639
108.349 -4.48057
107.904 -4.46481
107.461 -4.4491
107.019 -4.43345
106.579 -4.41785
106.14 -4.40231
105.703 -4.38683
105.268 -4.37139
104.834 -4.35602
104.401 -4.34069
103.97 -4.32542
103.54 -4.31021
103.112 -4.29504
102.686 -4.27993
102.261 -4.26488
101.837 -4.24987
101.415 -4.23492
100.995 -4.22002
100.576 -4.20518
100.158 -4.19038
99.7423 -4.17564
99.3276 -4.16095
98.9145 -4.14632
98.5027 -4.13173
98.0925 -4.11719
97.6836 -4.10271
97.2762 -4.08828
96.8703 -4.07389
96.4658 -4.05956
96.0627 -4.04528
95.661 -4.03105
95.2607 -4.01687
94.8618 -4.00274
94.4644 -3.98865
94.0683 -3.97462
93.6736 -3.96064
93.2804 -3.94671
92.8885 -3.93282
92.4979 -3.91899
92.1088 -3.9052
91.721 -3.89146
91.3346 -3.87777
90.9495 -3.86413
90.5658 -3.85053
90.1835 -3.83699
89.8025 -3.82349
89.4228 -3.81004
89.0445 -3.79663
88.6675 -3.78328
88.2918 -3.76997
87.9175 -3.7567
87.5445 -3.74349
87.1727 -3.73032
86.8023 -3.71719
86.4332 -3.70412
86.0654 -3.69108
85.6989 -3.6781
85.3337 -3.66516
84.9697 -3.65226
84.6071 -3.63941
84.2457 -3.62661
83.8856 -3.61385
83.5267 -3.60114
83.1691 -3.58847
82.8128 -3.57584
82.4577 -3.56326
82.1039 -3.55073
81.7513 -3.53824
81.4 -3.52579
81.0499 -3.51338
80.701 -3.50102
80.3534 -3.48871
80.007 -3.47643
79.6618 -3.4642
79.3178 -3.45201
78.975 -3.43987
78.6334 -3.42777
78.2931 -3.41571
77.9539 -3.40369
77.6159 -3.39171
77.2791 -3.37978
76.9435 -3.36789
76.6091 -3.35604
76.2758 -3.34423
75.9438 -3.33247
75.6129 -3.32074
75.2831 -3.30906
74.9545 -3.29742
74.6271 -3.28582
74.3008 -3.27426
73.9757 -3.26274
73.6517 -3.25126
73.3289 -3.23982
73.0072 -3.22842
72.6866 -3.21706
72.3672 -3.20574
72.0488 -3.19447
71.7316 -3.18323
71.4155 -3.17203
71.1006 -3.16087
70.7867 -3.14975
70.4739 -3.13866
70.1623 -3.12762
69.8517 -3.11662
69.5422 -3.10565
69.2339 -3.09473
68.9266 -3.08384
68.6203 -3.07299
68.3152 -3.06218
68.0111 -3.0514
67.7081 -3.04067
67.4062 -3.02997
67.1053 -3.01931
66.8055 -3.00868
66.5068 -2.9981
66.2091 -2.98755
65.9124 -2.97704
65.6168 -2.96657
65.3222 -2.95613
65.0287 -2.94573
64.7362 -2.93536
64.4447 -2.92504
64.1543 -2.91474
63.8648 -2.90449
63.5764 -2.89427
63.289 -2.88409
63.0027 -2.87394
62.7173 -2.86383
62.4329 -2.85375
62.1495 -2.84371
61.8672 -2.83371
61.5858 -2.82374
61.3054 -2.8138
61.026 -2.8039
60.7476 -2.79404
60.4701 -2.7842
60.1937 -2.77441
59.9182 -2.76465
59.6437 -2.75492
59.3701 -2.74523
59.0975 -2.73557
58.8259 -2.72594
58.5552 -2.71635
58.2855 -2.70679
58.0167 -2.69727
57.7488 -2.68778
57.482 -2.67832
57.216 -2.6689
56.951 -2.65951
56.6869 -2.65015
56.4238 -2.64083
56.1615 -2.63154
55.9002 -2.62228
55.6398 -2.61305
55.3804 -2.60386
55.1218 -2.5947
54.8642 -2.58557
54.6074 -2.57647
54.3516 -2.5674
54.0966 -2.55837
53.8426 -2.54937
53.5895 -2.5404
53.3372 -2.53146
53.0858 -2.52255
52.8354 -2.51368
52.5858 -2.50483
52.337 -2.49602
52.0892 -2.48724
51.8422 -2.47849
51.5961 -2.46977
51.3509 -2.46108
51.1065 -2.45242
50.863 -2.44379
50.6203 -2.43519
50.3785 -2.42662
50.1375 -2.41808
49.8974 -2.40957
49.6582 -2.4011
49.4197 -2.39265
49.1821 -2.38423
48.9454 -2.37584
48.7095 -2.36748
48.4744 -2.35915
48.2401 -2.35085
48.0067 -2.34258
47.7741 -2.33434
47.5423 -2.32612
47.3113 -2.31794
47.0812 -2.30978
46.8518 -2.30165
46.6233 -2.29356
46.3955 -2.28549
46.1686 -2.27744
45.9424 -2.26943
45.7171 -2.26145
45.4925 -2.25349
45.2688 -2.24556
45.0458 -2.23766
44.8236 -2.22978
44.6022 -2.22194
44.3815 -2.21412
44.1617 -2.20633
43.9426 -2.19857
43.7243 -2.19083
43.5067 -2.18312
43.29 -2.17544
43.0739 -2.16779
42.8587 -2.16016
42.6442 -2.15256
42.4304 -2.14498
42.2175 -2.13744
42.0052 -2.12992
41.7937 -2.12242
41.583 -2.11495
41.373 -2.10751
41.1637 -2.1001
40.9552 -2.09271
40.7474 -2.08534
40.5403 -2.078
40.3339 -2.07069
40.1283 -2.06341
39.9234 -2.05615
39.7193 -2.04891
39.5158 -2.0417
39.3131 -2.03452
39.1111 -2.02736
38.9097 -2.02023
38.7091 -2.01312
38.5092 -2.00603
38.31 -1.99898
38.1116 -1.99194
37.9138 -1.98493
37.7167 -1.97795
37.5203 -1.97099
37.3245 -1.96405
37.1295 -1.95714
36.9352 -1.95026
36.7415 -1.94339
36.5485 -1.93655
36.3563 -1.92974
36.1646 -1.92295
35.9737 -1.91618
35.7834 -1.90944
35.5938 -1.90272
35.4049 -1.89603
35.2166 -1.88936
35.029 -1.88271
34.8421 -1.87608
34.6558 -1.86948
34.4701 -1.8629
34.2851 -1.85635
34.1008 -1.84982
33.9171 -1.84331
33.7341 -1.83682
33.5517 -1.83036
33.37 -1.82392
33.1888 -1.8175
33.0084 -1.8111
32.8285 -1.80473
32.6493 -1.79838
32.4708 -1.79205
32.2928 -1.78575
32.1155 -1.77946
31.9388 -1.7732
31.7627 -1.76696
31.5873 -1.76075
31.4124 -1.75455
31.2382 -1.74838
31.0646 -1.74222
30.8916 -1.73609
30.7192 -1.72998
30.5474 -1.7239
30.3762 -1.71783
30.2057 -1.71179
30.0357 -1.70576
29.8663 -1.69976
29.6975 -1.69378
29.5293 -1.68782
29.3617 -1.68188
29.1947 -1.67596
29.0283 -1.67006
28.8625 -1.66419
28.6972 -1.65833
28.5326 -1.6525
28.3685 -1.64668
28.205 -1.64089
28.042 -1.63511
27.8797 -1.62936
27.7179 -1.62363
27.5567 -1.61791
27.396 -1.61222
27.2359 -1.60655
27.0764 -1.60089
26.9174 -1.59526
26.759 -1.58965
26.6012 -1.58405
26.4439 -1.57848
26.2871 -1.57293
26.131 -1.56739
25.9753 -1.56187
25.8202 -1.55638
25.6657 -1.5509
25.5117 -1.54544
25.3582 -1.54001
25.2053 -1.53459
25.0529 -1.52919
24.9011 -1.52381
24.7498 -1.51844
24.599 -1.5131
24.4487 -1.50778
24.299 -1.50247
24.1498 -1.49718
24.0012 -1.49192
23.853 -1.48667
23.7054 -1.48143
23.5583 -1.47622
23.4117 -1.47103
23.2656 -1.46585
23.1201 -1.46069
22.975 -1.45555
22.8305 -1.45043
22.6865 -1.44533
22.543 -1.44024
22.4 -1.43517
22.2574 -1.43012
22.1154 -1.42509
21.9739 -1.42008
21.8329 -1.41508
21.6924 -1.4101
21.5524 -1.40514
21.4129 -1.40019
21.2738 -1.39527
21.1353 -1.39036
20.9972 -1.38546
20.8596 -1.38059
20.7226 -1.37573
20.586 -1.37089
20.4498 -1.36606
20.3142 -1.36126
20.179 -1.35647
20.0443 -1.35169
19.9101 -1.34694
19.7763 -1.3422
19.6431 -1.33748
19.5103 -1.33277
19.3779 -1.32808
19.246 -1.32341
19.1146 -1.31875
18.9837 -1.31411
18.8532 -1.30948
18.7232 -1.30488
18.5936 -1.30028
18.4645 -1.29571
18.3358 -1.29115
18.2076 -1.28661
18.0799 -1.28208
17.9526 -1.27757
17.8257 -1.27307
17.6993 -1.26859
17.5733 -1.26413
17.4478 -1.25968
17.3227 -1.25525
17.1981 -1.25083
17.0739 -1.24643
16.9501 -1.24204
16.8268 -1.23767
16.7039 -1.23331
16.5814 -1.22897
16.4594 -1.22465
16.3378 -1.22034
16.2166 -1.21605
16.0958 -1.21177
15.9755 -1.2075
15.8556 -1.20325
15.7361 -1.19902
15.6171 -1.1948
15.4984 -1.1906
15.3802 -1.18641
15.2624 -1.18223
15.145 -1.17807
15.028 -1.17393
14.9115 -1.16979
14.7953 -1.16568
14.6796 -1.16158
14.5642 -1.15749
14.4493 -1.15342
14.3347 -1.14936
14.2206 -1.14531
14.1069 -1.14128
13.9936 -1.13727
13.8806 -1.13326
13.7681 -1.12928
13.656 -1.1253
13.5442 -1.12134
13.4329 -1.1174
13.3219 -1.11346
13.2114 -1.10955
13.1012 -1.10564
12.9914 -1.10175
12.882 -1.09787
12.773 -1.09401
12.6644 -1.09016
12.5561 -1.08632
12.4482 -1.0825
12.3407 -1.07869
12.2336 -1.0749
12.1269 -1.07111
12.0205 -1.06734
11.9146 -1.06359
11.8089 -1.05984
11.7037 -1.05612
11.5988 -1.0524
11.4943 -1.0487
11.3902 -1.04501
11.2864 -1.04133
11.183 -1.03766
11.08 -1.03401
10.9773 -1.03037
10.875 -1.02675
10.7731 -1.02313
10.6715 -1.01953
10.5702 -1.01595
10.4693 -1.01237
10.3688 -1.00881
10.2686 -1.00526
10.1688 -1.00172
10.0694 -0.998196
9.97024 -0.994683
9.87147 -0.991183
9.77305 -0.987695
9.67497 -0.984219
9.57724 -0.980755
9.47986 -0.977304
9.38281 -0.973865
9.28611 -0.970438
9.18975 -0.967023
9.09372 -0.96362
8.99804 -0.960229
8.90269 -0.95685
8.80768 -0.953482
8.713 -0.950127
8.61866 -0.946784
8.52464 -0.943452
8.43096 -0.940132
8.33761 -0.936823
8.24458 -0.933527
8.15189 -0.930242
8.05952 -0.926968
7.96747 -0.923706
7.87575 -0.920455
7.78435 -0.917216
7.69327 -0.913989
7.60252 -0.910772
7.51208 -0.907567
7.42196 -0.904373
7.33216 -0.901191
7.24267 -0.898019
7.1535 -0.894859
7.06464 -0.89171
6.9761 -0.888572
6.88787 -0.885445
6.79994 -0.882329
6.71233 -0.879224
6.62503 -0.87613
6.53803 -0.873047
6.45134 -0.869975
6.36495 -0.866913
6.27887 -0.863863
6.19309 -0.860823
6.10761 -0.857793
6.02243 -0.854775
5.93756 -0.851767
5.85298 -0.848769
5.7687 -0.845782
5.68471 -0.842806
5.60103 -0.83984
5.51763 -0.836885
5.43453 -0.833939
5.35172 -0.831005
5.26921 -0.82808
5.18698 -0.825166
5.10504 -0.822262
5.0234 -0.819369
4.94203 -0.816485
4.86096 -0.813612
4.78017 -0.810749
4.69966 -0.807896
4.61944 -0.805053
4.5395 -0.80222
4.45984 -0.799397
4.38047 -0.796584
4.30137 -0.79378
4.22255 -0.790987
4.144 -0.788203
4.06574 -0.78543
3.98775 -0.782666
3.91003 -0.779911
3.83259 -0.777167
3.75542 -0.774432
3.67852 -0.771706
3.60189 -0.768991
3.52553 -0.766285
3.44944 -0.763588
3.37362 -0.760901
3.29806 -0.758223
3.22277 -0.755555
3.14775 -0.752896
3.07299 -0.750246
2.99849 -0.747606
2.92425 -0.744975
2.85028 -0.742354
2.77657 -0.739741
2.70311 -0.737138
2.62992 -0.734544
2.55698 -0.731959
2.4843 -0.729383
2.41187 -0.726816
2.3397 -0.724259
2.26778 -0.72171
2.19612 -0.71917
2.12471 -0.716639
2.05355 -0.714117
1.98264 -0.711604
1.91198 -0.7091
1.84156 -0.706605
1.7714 -0.704118
1.70148 -0.70164
1.63181 -0.699171
1.56239 -0.69671
1.4932 -0.694259
1.42427 -0.691815
1.35557 -0.689381
1.28712 -0.686955
1.2189 -0.684537
1.15093 -0.682128
1.0832 -0.679728
1.0157 -0.677336
0.948445 -0.674952
0.881424 -0.672577
0.814639 -0.67021
0.748089 -0.667851
0.681773 -0.665501
0.61569 -0.663159
0.54984 -0.660825
0.484222 -0.6585
